ext_no	num_t	p_size	qm.dbh	sd	sp	lati.	long.	alti.	slope	azimuth	m.age	cv.age	maxh1	maxh2	sp.k
1	79	0.04	0.142605368549857	1975	QAt	33.34	126.67	189	0	18	39.4	0.15092455581034	15.2	14.5	붉가시나무
2	57	0.02	0.116611891903585	2850	QAt	33.34	126.67	150	15	24	30.25	0.00826446280991736	11.9	11.94	붉가시나무
3	37	0.02	0.131572814081806	1850	QAt	33.34	126.67	400	15	52	29.6666666666667	0.112359550561798	13	10.8	붉가시나무
4	38	0.01	0.056127908434781	3800	QAt	33.29	126.7	150	0	240	10	0	5.9	6.3	붉가시나무
5	16	0.01	0.138228072402099	1600	QS	35.09	127.55	502	35	235	34.2	0.0447282413473051	14	12.48	서어나무
5	16	0.01	0.138228072402099	1600	QS	35.09	127.55	502	35	235	34.2	0.0447282413473051	14	12.48	굴피나무
5	16	0.01	0.138228072402099	1600	QS	35.09	127.55	502	35	235	34.2	0.0447282413473051	14	12.48	낙엽송
5	16	0.01	0.138228072402099	1600	QS	35.09	127.55	502	35	235	34.2	0.0447282413473051	14	12.48	굴참나무
5	16	0.01	0.138228072402099	1600	QS	35.09	127.55	502	35	235	34.2	0.0447282413473051	14	12.48	졸참나무
6	37	0.04	0.153732568776765	925	QS	34.38	126.68	180	15	340	27.8	0.0550253904344545	13.4	13.15	졸참나무
6	37	0.04	0.153732568776765	925	QS	34.38	126.68	180	15	340	27.8	0.0550253904344545	13.4	13.15	중부지방소나무
6	37	0.04	0.153732568776765	925	QS	34.38	126.68	180	15	340	27.8	0.0550253904344545	13.4	13.15	붉가시나무
7	26	0.04	0.169454441347247	650	QS	34.38	126.68	171	20	305	29.6	0.0347825342600912	15.6	15.16	졸참나무
7	26	0.04	0.169454441347247	650	QS	34.38	126.68	171	20	305	29.6	0.0347825342600912	15.6	15.16	붉가시나무
7	26	0.04	0.169454441347247	650	QS	34.38	126.68	171	20	305	29.6	0.0347825342600912	15.6	15.16	자귀나무
7	26	0.04	0.169454441347247	650	QS	34.38	126.68	171	20	305	29.6	0.0347825342600912	15.6	15.16	중부지방소나무
7	26	0.04	0.169454441347247	650	QS	34.38	126.68	171	20	305	29.6	0.0347825342600912	15.6	15.16	개서어나무
7	26	0.04	0.169454441347247	650	QS	34.38	126.68	171	20	305	29.6	0.0347825342600912	15.6	15.16	산벚나무
8	18	0.04	0.135865180315717	450	PK	37.77	128.02	273	10	20	16.6	0.0307169850216433	7.4	8.1	잣나무
9	36	0.04	0.234543306235757	900	PK	37.81	127.89	510	29	315	40	0.0454147553114624	15.1	15.6	잣나무
10	34	0.04	0.271566615162078	850	PK	37.81	127.89	507	32	285	41.8	0.0117200466161875	19.8	16	잣나무
11	33	0.0225	0.143425093954153	1466.66666666667	LL	37.7	128.07	326	0	35	14.8	0.0331012127403132	16.8	15.8	낙엽송
12	82	0.04	0.133784956681035	2050	PTl	37.8	127.89	356	34	255	35.75	0.112106430362807	27.8	24.9	현사시나무
12	82	0.04	0.133784956681035	2050	PTl	37.8	127.89	356	34	255	35.75	0.112106430362807	27.8	24.9	신갈나무
12	82	0.04	0.133784956681035	2050	PTl	37.8	127.89	356	34	255	35.75	0.112106430362807	27.8	24.9	강원지방소나무
13	47	0.04	0.152639402626067	1175	PR	35.98	127.67	450	16	130	33.6	0.0427163693285932	14.9	12.9	리기다소나무
13	47	0.04	0.152639402626067	1175	PR	35.98	127.67	450	16	130	33.6	0.0427163693285932	14.9	12.9	굴참나무
13	47	0.04	0.152639402626067	1175	PR	35.98	127.67	450	16	130	33.6	0.0427163693285932	14.9	12.9	졸참나무
14	25	0.04	0.21503488089145	625	CL	33.33	126.46	450	5	150	55.8	0.0970724198132677	14.3	13.7	서어나무
15	12	0.04	0.317122478967775	300	CL	33.33	126.45	400	0	135	39	0.129903283363852	20.8	12.78	서어나무
16	26	0.04	0.169886840165854	650	CL	33.34	126.46	400	0	135	53.4	0.0676753220958526	12	11.1	서어나무
17	35	0.04	0.181422947044429	875	CL	33.35	126.66	3	3	3	46.75	0.0921587590353694	25	13.4	서어나무
18	42	0.04	0.192254791258644	1050	CL	33.36	126.63	450	10	135	40.4	0.116257609562548	14.4	11.5	서어나무
19	49	0.04	0.175080156569755	1225	CL	33.36	126.65	450	0	135	50.2	0.169545201840265	16.7	12.45	서어나무
20	27	0.04	0.32469159155979	675	CO	33.32	126.54	500	6	150	68	0	21.8	21.5	편백
21	35	0.04	0.314902479235352	875	CO	33.37	126.65	350	5	150	62	0	17.9	18	편백
22	40	0.04	0.254575970979195	1000	CO	33.38	126.41	350	5	150	41	0	15.1	14.5	편백
23	65	0.04	0.225001572644077	1625	CO	33.32	126.47	250	0	135	37	0	19.5	17.7	편백
23	65	0.04	0.225001572644077	1625	CO	33.32	126.47	250	0	135	37	0	19.5	17.7	삼나무
24	82	0.04	0.182160944650871	2050	CO	33.35	126.67	350	0	123	27	0	13	12.1	편백
25	54	0.04	0.0936355226989795	1350	CO	33.29	126.56	550	0	150	13	0	6.6	6.2	편백
25	54	0.04	0.0936355226989795	1350	CO	33.29	126.56	550	0	150	13	0	6.6	6.2	중부지방소나무
26	12	0.01	0.283003091855902	1200	PDe	37.09	129.15	540	22	30	43.2	0.0368920774317343	24.1	22.73	강원지방소나무
27	9	0.01	0.347168226912801	900	PDe	37.09	129.15	566	15	30	46.4	0.0293926329676419	27	24.9	강원지방소나무
28	20	0.01	0.0519552692226688	2000	PDe	37.22	129.3	308	20	218	10.6	0.0377358490566038	5.1	4.67	강원지방소나무
29	38	0.04	0.201030241244289	950	QS	35.23	128.23	82	5	160	34.8	0.0332638991459489	14.5	14.4	중부지방소나무
29	38	0.04	0.201030241244289	950	QS	35.23	128.23	82	5	160	34.8	0.0332638991459489	14.5	14.4	졸참나무
30	23	0.01	0.0579129781955501	2300	QAc	36.48	126.81	260	10	270	9.8	0.0204081632653061	8.1	6.8	상수리나무
31	22	0.04	0.256577119365344	550	QAc	36.46	126.75	205	15	25	29.2	0.0983061650301872	29.2	21.8	상수리나무
32	28	0.04	0.228287803941804	700	QAc	36.46	126.75	172	10	25	30.6	0.0196078431372549	22.8	20.1	상수리나무
33	78	0.04	0.188818526361784	1950	CS	34.36	126.68	277	5	350	42.2	0.0606005301068456	11.6	12	붉가시나무
33	78	0.04	0.188818526361784	1950	CS	34.36	126.68	277	5	350	42.2	0.0606005301068456	11.6	12	강원지방소나무
33	78	0.04	0.188818526361784	1950	CS	34.36	126.68	277	5	350	42.2	0.0606005301068456	11.6	12	산벚나무
33	78	0.04	0.188818526361784	1950	CS	34.36	126.68	277	5	350	42.2	0.0606005301068456	11.6	12	서어나무
33	78	0.04	0.188818526361784	1950	CS	34.36	126.68	277	5	350	42.2	0.0606005301068456	11.6	12	구실잣밤나무
34	74	0.04	0.151130112190823	1850	CS	34.36	126.68	272	10	260	32.4	0.0876238862134468	13.5	13.3	붉가시나무
34	74	0.04	0.151130112190823	1850	CS	34.36	126.68	272	10	260	32.4	0.0876238862134468	13.5	13.3	서어나무
34	74	0.04	0.151130112190823	1850	CS	34.36	126.68	272	10	260	32.4	0.0876238862134468	13.5	13.3	구실잣밤나무
34	74	0.04	0.151130112190823	1850	CS	34.36	126.68	272	10	260	32.4	0.0876238862134468	13.5	13.3	산벚나무
34	74	0.04	0.151130112190823	1850	CS	34.36	126.68	272	10	260	32.4	0.0876238862134468	13.5	13.3	중부지방소나무
35	109	0.04	0.217093667688532	2725	CS	34.36	126.68	277	10	230	36	0.0958232683925574	21.2	13.4	붉가시나무
35	109	0.04	0.217093667688532	2725	CS	34.36	126.68	277	10	230	36	0.0958232683925574	21.2	13.4	중부지방소나무
35	109	0.04	0.217093667688532	2725	CS	34.36	126.68	277	10	230	36	0.0958232683925574	21.2	13.4	구실잣밤나무
35	109	0.04	0.217093667688532	2725	CS	34.36	126.68	277	10	230	36	0.0958232683925574	21.2	13.4	서어나무
35	109	0.04	0.217093667688532	2725	CS	34.36	126.68	277	10	230	36	0.0958232683925574	21.2	13.4	산벚나무
35	109	0.04	0.217093667688532	2725	CS	34.36	126.68	277	10	230	36	0.0958232683925574	21.2	13.4	졸참나무
36	91	0.04	0.131130544802574	2275	CS	34.36	126.65	203	20	300	21.6	0.146108646648699	6.8	7.2	중부지방소나무
36	91	0.04	0.131130544802574	2275	CS	34.36	126.65	203	20	300	21.6	0.146108646648699	6.8	7.2	붉가시나무
36	91	0.04	0.131130544802574	2275	CS	34.36	126.65	203	20	300	21.6	0.146108646648699	6.8	7.2	구실잣밤나무
36	91	0.04	0.131130544802574	2275	CS	34.36	126.65	203	20	300	21.6	0.146108646648699	6.8	7.2	서어나무
36	91	0.04	0.131130544802574	2275	CS	34.36	126.65	203	20	300	21.6	0.146108646648699	6.8	7.2	산벚나무
36	91	0.04	0.131130544802574	2275	CS	34.36	126.65	203	20	300	21.6	0.146108646648699	6.8	7.2	졸참나무
37	38	0.04	0.22248595461287	950	QS	35.73	127.74	950	15	225	37	0.0566923701713596	21.2	17.8	졸참나무
37	38	0.04	0.22248595461287	950	QS	35.73	127.74	950	15	225	37	0.0566923701713596	21.2	17.8	리기다소나무
37	38	0.04	0.22248595461287	950	QS	35.73	127.74	950	15	225	37	0.0566923701713596	21.2	17.8	굴참나무
37	38	0.04	0.22248595461287	950	QS	35.73	127.74	950	15	225	37	0.0566923701713596	21.2	17.8	신갈나무
38	17	0.01	0.246683889170879	1700	CJ	34.36	126.56	166	10	270	38.2	0.0335242106671877	23.6	21.2	삼나무
39	32	0.04	0.215667568261897	800	CJ	35.46	126.8	218	15	45	37	0.0148033123650045	19.6	19.9	삼나무
39	32	0.04	0.215667568261897	800	CJ	35.46	126.8	218	15	45	37	0.0148033123650045	19.6	19.9	편백
39	32	0.04	0.215667568261897	800	CJ	35.46	126.8	218	15	45	37	0.0148033123650045	19.6	19.9	굴참나무
40	14	0.04	0.303058810888486	350	PDe	37	128.8	626	15	35	44.4	0.0272140675080959	20.4	18.8	강원지방소나무
41	18	0.04	0.262088301489742	450	PDe	37	128.82	638	6	0	31.6	0.0355220637984868	16.1	15.9	강원지방소나무
42	13	0.005	0.0581304898151895	2600	PDe	36.89	128.74	683	24	105	10	0.0316227766016838	5.4	6	강원지방소나무
43	14	0.09	0.494527191221214	155.555555555556	PDe	37	128.8	634	13	33	70.6	0.0305765341996075	24.1	22.9	강원지방소나무
44	16	0.02	0.174208029378671	800	PDe	36.9	128.82	611	3	350	27.4	0.0717039514758704	12.9	13.9	강원지방소나무
45	13	0.01	0.185519022454054	1300	PDe	37	128.82	572	0	50	30.4	0.0754430588235507	22.1	17.5	강원지방소나무
46	44	0.04	0.187503999957334	1100	QAt	34.36	126.68	314	15	200	34.2	0.114521380278165	14.3	14.9	붉가시나무
46	44	0.04	0.187503999957334	1100	QAt	34.36	126.68	314	15	200	34.2	0.114521380278165	14.3	14.9	쪽동백나무
46	44	0.04	0.187503999957334	1100	QAt	34.36	126.68	314	15	200	34.2	0.114521380278165	14.3	14.9	산벚나무
46	44	0.04	0.187503999957334	1100	QAt	34.36	126.68	314	15	200	34.2	0.114521380278165	14.3	14.9	졸참나무
47	81	0.04	0.161034924515088	2025	QAt	34.36	126.68	268	15	200	30.4	0.0956778919226907	15.1	12.6	붉가시나무
47	81	0.04	0.161034924515088	2025	QAt	34.36	126.68	268	15	200	30.4	0.0956778919226907	15.1	12.6	졸참나무
47	81	0.04	0.161034924515088	2025	QAt	34.36	126.68	268	15	200	30.4	0.0956778919226907	15.1	12.6	산벚나무
47	81	0.04	0.161034924515088	2025	QAt	34.36	126.68	268	15	200	30.4	0.0956778919226907	15.1	12.6	동백나무
47	81	0.04	0.161034924515088	2025	QAt	34.36	126.68	268	15	200	30.4	0.0956778919226907	15.1	12.6	자귀나무
47	81	0.04	0.161034924515088	2025	QAt	34.36	126.68	268	15	200	30.4	0.0956778919226907	15.1	12.6	서어나무
47	81	0.04	0.161034924515088	2025	QAt	34.36	126.68	268	15	200	30.4	0.0956778919226907	15.1	12.6	때죽나무
48	90	0.04	0.152898986262172	2250	QAt	34.36	126.68	292	10	200	21.4	0.13430007348785	54	14.9	붉가시나무
48	90	0.04	0.152898986262172	2250	QAt	34.36	126.68	292	10	200	21.4	0.13430007348785	54	14.9	동백나무
48	90	0.04	0.152898986262172	2250	QAt	34.36	126.68	292	10	200	21.4	0.13430007348785	54	14.9	산벚나무
48	90	0.04	0.152898986262172	2250	QAt	34.36	126.68	292	10	200	21.4	0.13430007348785	54	14.9	때죽나무
48	90	0.04	0.152898986262172	2250	QAt	34.36	126.68	292	10	200	21.4	0.13430007348785	54	14.9	고로쇠나무
48	90	0.04	0.152898986262172	2250	QAt	34.36	126.68	292	10	200	21.4	0.13430007348785	54	14.9	서어나무
48	90	0.04	0.152898986262172	2250	QAt	34.36	126.68	292	10	200	21.4	0.13430007348785	54	14.9	느티나무
48	90	0.04	0.152898986262172	2250	QAt	34.36	126.68	292	10	200	21.4	0.13430007348785	54	14.9	졸참나무
48	90	0.04	0.152898986262172	2250	QAt	34.36	126.68	292	10	200	21.4	0.13430007348785	54	14.9	쪽동백나무
49	77	0.04	0.186201503753326	1925	QAt	34.35	126.68	402	5	200	38	0.0785075467904016	17.8	17	붉가시나무
49	77	0.04	0.186201503753326	1925	QAt	34.35	126.68	402	5	200	38	0.0785075467904016	17.8	17	갈참나무
50	62	0.04	0.0185893656731216	1550	BP	37.71	128.43	862	2	260	10.8	0.0796511598800243	4.1	4.3	자작나무
51	41	0.04	0.133341140523462	1025	BP	37.71	128.43	872	20	25	28.4	0.0480217665386826	16.9	18	자작나무
51	41	0.04	0.133341140523462	1025	BP	37.71	128.43	872	20	25	28.4	0.0480217665386826	16.9	18	쪽동백나무
51	41	0.04	0.133341140523462	1025	BP	37.71	128.43	872	20	25	28.4	0.0480217665386826	16.9	18	거제수나무
51	41	0.04	0.133341140523462	1025	BP	37.71	128.43	872	20	25	28.4	0.0480217665386826	16.9	18	신갈나무
51	41	0.04	0.133341140523462	1025	BP	37.71	128.43	872	20	25	28.4	0.0480217665386826	16.9	18	산벚나무
51	41	0.04	0.133341140523462	1025	BP	37.71	128.43	872	20	25	28.4	0.0480217665386826	16.9	18	말채나무
52	32	0.04	0.186549004955802	800	BP	37.7	128.43	914	7	230	32	0.0732877462472411	20	20.1	자작나무
52	32	0.04	0.186549004955802	800	BP	37.7	128.43	914	7	230	32	0.0732877462472411	20	20.1	말채나무
52	32	0.04	0.186549004955802	800	BP	37.7	128.43	914	7	230	32	0.0732877462472411	20	20.1	피나무
52	32	0.04	0.186549004955802	800	BP	37.7	128.43	914	7	230	32	0.0732877462472411	20	20.1	굴참나무
53	40	0.04	0.122346740863825	1000	LT	37.26	126.92	92	8	300	9.6	0.0416666666666667	11.9	10.9	백합나무
54	29	0.04	0.217486265915963	725	LT	37.25	126.97	72	3	20	12.4	0.019753949538574	24.8	19.45	백합나무
55	40	0.04	0.226149010610261	1000	LT	34.55	126.86	117	5	0	31.6	0.0126582278481013	29.3	21.8	백합나무
55	40	0.04	0.226149010610261	1000	LT	34.55	126.86	117	5	0	31.6	0.0126582278481013	29.3	21.8	편백
56	23	0.04	0.259884452585475	575	LT	34.55	126.86	170	8	330	32.2	0.0228213330072967	26	25.1	백합나무
56	23	0.04	0.259884452585475	575	LT	34.55	126.86	170	8	330	32.2	0.0228213330072967	26	25.1	편백
57	50	0.04	0.127643331200655	1250	BP	37.58	128.1	372	30	105	22.8	0.0350877192982456	16.9	16.8	자작나무
58	47	0.04	0.137773789311598	1175	BP	37.58	128.1	374	20	60	23.6	0.0494148465664856	19.5	16.7	자작나무
59	19	0.04	0.37257842692583	475	LT	34.55	126.86	137	3	320	30.6	0.0080048684404679	27	26.6	편백
59	19	0.04	0.37257842692583	475	LT	34.55	126.86	137	3	320	30.6	0.0080048684404679	27	26.6	백합나무
60	18	0.04	0.215307402979502	450	QS	34.75	128.03	200	15	270	39.2	0.0148748772827686	16.6	16.9	졸참나무
60	18	0.04	0.215307402979502	450	QS	34.75	128.03	200	15	270	39.2	0.0148748772827686	16.6	16.9	편백
61	21	0.04	0.252407455930929	525	PD	37.57	127.64	251	27.9	43	50.6	0.0290453329183776	18.6	19.55	중부지방소나무
62	32	0.04	0.197047345199066	800	QM	37.71	128.32	890	45	80	57	0.143065845879825	21	14.6	신갈나무
62	32	0.04	0.197047345199066	800	QM	37.71	128.32	890	45	80	57	0.143065845879825	21	14.6	산벚나무
63	41	0.04	0.177003582711433	1025	QM	37.71	128.32	890	45	80	77.4	0.118314090164786	13.7	11.9	신갈나무
64	36	0.04	0.192339471305872	900	QM	37.74	128.35	810	13.5	210	65.6	0.132244697526197	28.5	16.7	졸참나무
64	36	0.04	0.192339471305872	900	QM	37.74	128.35	810	13.5	210	65.6	0.132244697526197	28.5	16.7	신갈나무
64	36	0.04	0.192339471305872	900	QM	37.74	128.35	810	13.5	210	65.6	0.132244697526197	28.5	16.7	강원지방소나무
65	44	0.04	0.144113039596763	1100	QM	37.71	128.33	748	16.2	195	58.8	0.0424829795809415	24.4	16.2	신갈나무
65	44	0.04	0.144113039596763	1100	QM	37.71	128.33	748	16.2	195	58.8	0.0424829795809415	24.4	16.2	갈참나무
65	44	0.04	0.144113039596763	1100	QM	37.71	128.33	748	16.2	195	58.8	0.0424829795809415	24.4	16.2	졸참나무
66	35	0.04	0.192367950998675	875	QM	37.48	128.5	1049	13.5	10	66	0.152044529749116	14.3	12.9	신갈나무
67	60	0.04	0.179527620901817	1500	QM	37.47	128.53	1099	22.5	90	64.2	0.0702490484970697	18	16.5	신갈나무
68	47	0.04	0.167362391870952	1175	QAc	35.03	127.61	139	9	45	43.6	0.0919149766491462	27.8	19.8	굴참나무
68	47	0.04	0.167362391870952	1175	QAc	35.03	127.61	139	9	45	43.6	0.0919149766491462	27.8	19.8	상수리나무
68	47	0.04	0.167362391870952	1175	QAc	35.03	127.61	139	9	45	43.6	0.0919149766491462	27.8	19.8	잣나무
69	57	0.04	0.158466333797966	1425	QAc	37.31	127.28	332	27	90	31.2	0.0576923076923077	14.1	13.7	상수리나무
69	57	0.04	0.158466333797966	1425	QAc	37.31	127.28	332	27	90	31.2	0.0576923076923077	14.1	13.7	신갈나무
69	57	0.04	0.158466333797966	1425	QAc	37.31	127.28	332	27	90	31.2	0.0576923076923077	14.1	13.7	잣나무
70	49	0.04	0.154911100246534	1225	QAc	37.31	127.28	400	18	352	47.2	0.112188155041303	20.1	18.1	상수리나무
70	49	0.04	0.154911100246534	1225	QAc	37.31	127.28	400	18	352	47.2	0.112188155041303	20.1	18.1	신갈나무
70	49	0.04	0.154911100246534	1225	QAc	37.31	127.28	400	18	352	47.2	0.112188155041303	20.1	18.1	산벚나무
71	111	0.04	0.108343007191084	2775	QAc	37	126.39	54	18	42	22	0.0321412173266613	16.9	16.3	갈참나무
71	111	0.04	0.108343007191084	2775	QAc	37	126.39	54	18	42	22	0.0321412173266613	16.9	16.3	상수리나무
71	111	0.04	0.108343007191084	2775	QAc	37	126.39	54	18	42	22	0.0321412173266613	16.9	16.3	중부지방소나무
71	111	0.04	0.108343007191084	2775	QAc	37	126.39	54	18	42	22	0.0321412173266613	16.9	16.3	잣나무
71	111	0.04	0.108343007191084	2775	QAc	37	126.39	54	18	42	22	0.0321412173266613	16.9	16.3	신갈나무
71	111	0.04	0.108343007191084	2775	QAc	37	126.39	54	18	42	22	0.0321412173266613	16.9	16.3	졸참나무
71	111	0.04	0.108343007191084	2775	QAc	37	126.39	54	18	42	22	0.0321412173266613	16.9	16.3	산벚나무
72	38	0.04	0.100343095637444	950	QM	37.46	128.48	778	12.6	190	23.2	0.00862068965517241	9.4	10.3	신갈나무
73	149	0.09	0.0988682941964482	1655.55555555556	QAc	37	126.4	62	12.2	35	23.2	0.0630549087858957	19.9	16.4	갈참나무
73	149	0.09	0.0988682941964482	1655.55555555556	QAc	37	126.4	62	12.2	35	23.2	0.0630549087858957	19.9	16.4	상수리나무
73	149	0.09	0.0988682941964482	1655.55555555556	QAc	37	126.4	62	12.2	35	23.2	0.0630549087858957	19.9	16.4	중부지방소나무
73	149	0.09	0.0988682941964482	1655.55555555556	QAc	37	126.4	62	12.2	35	23.2	0.0630549087858957	19.9	16.4	산벚나무
73	149	0.09	0.0988682941964482	1655.55555555556	QAc	37	126.4	62	12.2	35	23.2	0.0630549087858957	19.9	16.4	신갈나무
74	7	0.01	0.0168183573174416	700	PK	37.79	127.86	330	42	53	7	0	2.5	2.2	잣나무
75	18	0.04	0.185982974131146	450	QS	35.92	127.68	624	45	270	29	0.0981396515224669	11.3	9.6	졸참나무
75	18	0.04	0.185982974131146	450	QS	35.92	127.68	624	45	270	29	0.0981396515224669	11.3	9.6	굴참나무
75	18	0.04	0.185982974131146	450	QS	35.92	127.68	624	45	270	29	0.0981396515224669	11.3	9.6	산벚나무
75	18	0.04	0.185982974131146	450	QS	35.92	127.68	624	45	270	29	0.0981396515224669	11.3	9.6	갈참나무
76	21	0.04	0.140169964855596	525	QS	35.86	127.13	76	10	45	17.2	0.0563683704350736	18.3	6	졸참나무
76	21	0.04	0.140169964855596	525	QS	35.86	127.13	76	10	45	17.2	0.0563683704350736	18.3	6	갈참나무
77	30	0.04	0.134080199880519	750	QS	35.8	127.3	32	30	320	23.8	0.0732588057737928	14.2	12	졸참나무
77	30	0.04	0.134080199880519	750	QS	35.8	127.3	32	30	320	23.8	0.0732588057737928	14.2	12	굴참나무
77	30	0.04	0.134080199880519	750	QS	35.8	127.3	32	30	320	23.8	0.0732588057737928	14.2	12	신갈나무
77	30	0.04	0.134080199880519	750	QS	35.8	127.3	32	30	320	23.8	0.0732588057737928	14.2	12	갈참나무
77	30	0.04	0.134080199880519	750	QS	35.8	127.3	32	30	320	23.8	0.0732588057737928	14.2	12	산벚나무
78	18	0.04	0.206697175167495	450	QS	35.35	127.91	403	20	225	34.6	0.041481792180368	14.8	13.4	졸참나무
78	18	0.04	0.206697175167495	450	QS	35.35	127.91	403	20	225	34.6	0.041481792180368	14.8	13.4	중부지방소나무
78	18	0.04	0.206697175167495	450	QS	35.35	127.91	403	20	225	34.6	0.041481792180368	14.8	13.4	갈참나무
78	18	0.04	0.206697175167495	450	QS	35.35	127.91	403	20	225	34.6	0.041481792180368	14.8	13.4	굴참나무
79	18	0.04	0.169422712631912	450	QS	35.37	127.85	469	50	315	47.4	0.0310061992757364	12.2	12.6	졸참나무
79	18	0.04	0.169422712631912	450	QS	35.37	127.85	469	50	315	47.4	0.0310061992757364	12.2	12.6	신갈나무
79	18	0.04	0.169422712631912	450	QS	35.37	127.85	469	50	315	47.4	0.0310061992757364	12.2	12.6	굴참나무
80	21	0.04	0.199509040253461	525	QS	34.78	128	293	30	315	32.6	0.0779648161174162	10.4	10	졸참나무
80	21	0.04	0.199509040253461	525	QS	34.78	128	293	30	315	32.6	0.0779648161174162	10.4	10	중부지방소나무
80	21	0.04	0.199509040253461	525	QS	34.78	128	293	30	315	32.6	0.0779648161174162	10.4	10	편백
81	37	0.04	0.196966796488441	925	QM	36.59	127.88	540	15	280	47	0.0498980399981216	17.9	17.9	신갈나무
82	47	0.04	0.29540930854404	1175	CJ	33.34	126.65	475	4	262	36.8	0.00543478260869565	21.1	18.6	삼나무
83	27	0.04	0.40847353602116	675	CJ	33.36	126.64	515	0	195	69	0	26.7	24.6	삼나무
84	39	0.04	0.331417661971517	975	CJ	33.33	126.65	410	28	156	46.6	0.00525641575704545	24	23.1	삼나무
85	108	0.04	0.13691102815197	2700	CJ	33.33	126.71	10	0	185	18	0	11.4	9.6	삼나무
86	11	0.04	0.338972243433267	275	LL	37.51	127.69	178	23	330	48.6	0.00823045267489712	28.5	29.9	낙엽송
87	31	0.04	0.232742208213016	775	LL	37.78	127.83	525	10	8	34.4	0.00712060971739296	23.1	22.59	낙엽송
88	20	0.04	0.252059516781255	500	LL	37.79	127.83	601	18	8	32.6	0.0122699386503067	24.2	23.3	낙엽송
89	37	0.04	0.2015559743863	925	LL	37.7	128.07	366	25	10	30.8	0.00649350649350649	27.9	26	낙엽송
90	60	0.04	0.042441135705822	1500	LL	37.7	128.07	337	37	330	11.5	0.0434782608695652	6.5	6.15	낙엽송
91	26	0.04	0.177891280540412	650	LL	37.51	127.69	190	30	3	29.8	0.00671140939597315	20.6	20.3	낙엽송
92	63	0.04	0.138240129243767	1575	PTl	37.8	127.89	361	31	283	35.6	0.154008428785088	29	27.5	현사시나무
93	62	0.04	0.137195880686773	1550	PTl	37.8	127.89	358	47	277	30.6	0.13177676571017	28.1	24.1	현사시나무
94	60	0.04	0.143819157277464	1500	PTl	37.8	127.89	357	28	258	34.4	0.105855473581588	27.6	25.8	현사시나무
95	53	0.04	0.156621162935426	1325	QV	34.95	127.02	425	25	180	44.4	0.0448192539237216	24.2	19.8	굴참나무
96	76	0.04	0.125084182179758	1900	QM	34.94	127.04	430	45	45	35.8	0.0368461060286953	14.2	10.7	신갈나무
97	18	0.01	0.177263144004111	1800	LL	35.53	127.05	300	25	315	40	0.00790569415042095	19.6	17.7	낙엽송
98	36	0.04	0.248774775427271	900	LL	35.38	126.74	488	20	135	42.8	0.0497833545622956	21.9	21.4	낙엽송
99	18	0.01	0.193362066830309	1800	QM	35.51	127.09	620	30	270	42	0.0537694751935058	18.1	14.7	신갈나무
100	28	0.04	0.20497386592999	700	QV	35.51	127.08	510	10	90	47.4	0.0217207386940654	14.4	14.5	굴참나무
101	23	0.04	0.251959537814412	575	CO	34.79	128.04	250	20	200	87.6	0.00684931506849315	16.3	15.95	편백
102	36	0.04	0.199868012003478	900	QV	35.44	126.76	434	35	135	45	0.0636347602812282	16.5	15.7	굴참나무
103	48	0.04	0.250415529670186	1200	CO	34.69	126.95	275	13	120	42.4	0.00577709844996032	20.6	18.96	편백
104	56	0.04	0.204839527784208	1400	CO	35.16	128.45	333	12	120	35.2	0.0139175553567226	17.4	17.76	편백
105	27	0.04	0.192352685334922	675	CO	34.69	127.02	420	10	60	35	0.018070158058105	17.7	15.98	편백
106	61	0.04	0.134020551396871	1525	CO	34.97	127.3	440	5	200	26	0.012162606385263	12	12.57	편백
107	15	0.04	0.147829180700789	375	CO	34.91	127.28	190	5	0	18.2	0.0320381972244247	6.4	6.95	편백
108	49	0.04	0.160756692817793	1225	QM	36.02	128.16	390	43	350	40	0.0627495019900557	13	13.54	신갈나무
109	23	0.04	0.265788408815865	575	CJ	34.96	127.31	385	15	270	39	0.0697511308140279	23.9	22.2	삼나무
110	52	0.04	0.153315913168755	1300	CJ	35.16	128.1	64	25	130	27.6	0.0217391304347826	18.7	16.6	삼나무
111	74	0.04	0.188019550449817	1850	CJ	34.7	126.96	152	15	300	45.4	0.0593488704198567	18.7	18.1	삼나무
112	50	0.04	0.113912246927185	1250	CJ	34.34	126.59	67	15	300	17.6	0.0227272727272727	12.6	9.6	삼나무
113	60	0.04	0.137099051783738	1500	QM	36.45	127.95	590	12	270	42.8	0.0114462137513233	16.5	15.72	신갈나무
114	29	0.04	0.113139066090639	725	PD	35.11	126.56	120	23	270	38.8	0.0824742268041237	8.9	10.3	중부지방소나무
115	20	0.01	0.100479351112554	2000	PD	35.15	126.57	130	25	135	19.4	0.0126262357875422	8	8.5	중부지방소나무
116	29	0.04	0.24045581714735	725	PD	35.29	126.6	150	7	270	52.2	0.026682736163188	19.1	18.5	중부지방소나무
117	39	0.04	0.14892236834966	975	QM	36.72	128.92	468	42	80	34.4	0.0299291573865901	12.3	13.3	신갈나무
118	31	0.04	0.177173051908524	775	QM	37.78	126.95	230	35	240	52	0.0550685425510629	13.6	15	신갈나무
119	19	0.04	0.299776583475094	475	LL	37.78	126.95	250	12	0	51.4	0.00778210116731517	24.8	26.95	낙엽송
120	40	0.04	0.160610865136827	1000	PD	35.34	126.42	73	13	315	48.6	0.110154393533532	14.2	14.2	중부지방소나무
121	40	0.04	0.180229020970542	1000	PD	35.36	126.76	150	25	0	49	0.0718645586190164	20	19.2	중부지방소나무
122	34	0.04	0.250504725797856	850	PD	35.44	126.77	273	21	270	56.8	0.0689547747449512	18.8	19.2	중부지방소나무
123	26	0.04	0.205110476798012	650	PK	37.5	127.71	155	25	102	28.8	0.0802376389464677	16.5	14.4	잣나무
124	26	0.04	0.21965050911356	650	PK	37.5	127.71	160	25	286	32.2	0.0676134815437181	15.4	16.4	잣나무
125	25	0.04	0.284901175848749	625	PK	37.82	127.85	411	28	8	49.8	0.0249190233855238	21.9	22.15	잣나무
126	22	0.04	0.309108579870111	550	PK	37.79	127.83	456	27	8	42.2	0.0587180648974591	18.1	18.6	잣나무
127	33	0.04	0.24746563887587	825	PK	37.79	127.81	482	18	8	33.8	0.0254506664705403	16.3	16.45	잣나무
128	39	0.02	0.124783915794567	1950	PK	37.79	127.82	456	24	8	18.2	0.026917469700914	8.8	8.09	잣나무
129	19	0.04	0.212211909978781	475	PT	35.2	128.17	139	21	300	44.4	0.0168543125530358	18.8	18.4	해송
130	24	0.04	0.202639355341783	600	PT	35.12	128.06	117	10	20	45	0.0481766297526196	21.7	21.4	해송
131	12	0.01	0.0850847616595749	1200	PT	34.93	127.65	230	15	120	14	0.0391230398217976	5.1	4.7	해송
132	60	0.04	0.127774475802747	1500	PT	34.93	127.64	230	15	160	26.4	0.0916948366432591	9.8	9.3	해송
133	32	0.04	0.163807051130286	800	PT	34.51	127.1	57	22	190	38.4	0.0585792806208437	12.6	14.2	해송
134	24	0.04	0.194590917054214	600	PT	34.51	127.1	46.5	15	190	41.2	0.0379138333781876	20.8	14.4	해송
135	14	0.04	0.241778381403892	350	PK	35.46	127.65	655	10	20	22.2	0.0262655490758797	11.9	12.5	잣나무
136	9	0.04	0.312382066635643	225	LL	35.46	127.64	680	15	330	45.2	0.0256102586344916	25	24.8	낙엽송
137	20	0.04	0.269017750343727	500	LL	35.46	127.64	623	13	50	33	0.00958265957626782	19.1	19.8	낙엽송
138	14	0.04	0.508690475633268	350	PDe	37.99	128.2	811	10	0	75	0.0242212028327799	26.3	24.98	강원지방소나무
139	25	0.04	0.2641949280361	625	PDe	37.99	128.2	774	10	62	36.8	0.0199686663813846	20.9	20.35	강원지방소나무
140	41	0.04	0.175556397720185	1025	LL	35.41	127.81	641	18	20	29.8	0.0490897276453953	21.2	18.5	낙엽송
141	13	0.04	0.274836314922173	325	QV	35.22	127.74	627	21	310	41.6	0.076622006973602	22.2	21.8	굴참나무
142	40	0.04	0.198245617858252	1000	QV	35.37	127.85	454	15	270	39.8	0.0358865750178033	16.5	16.4	굴참나무
143	13	0.04	0.28639040056968	325	PDe	37.99	128.2	769	15	40	35.2	0.0139175553567226	19.2	18.7	강원지방소나무
144	26	0.04	0.204930851377126	650	QV	35.37	127.85	471	31	260	39.2	0.0519055866055505	15.9	17	굴참나무
145	23	0.04	0.212516904698447	575	PDe	37.99	128.2	769	15	40	25	0.121326007104825	17.3	17.37	강원지방소나무
146	19	0.04	0.224399315131707	475	QAc	36.42	127.23	203	25	171	44.4	0.0242574991312365	26.7	20.24	상수리나무
146	19	0.04	0.224399315131707	475	QAc	36.42	127.23	203	25	171	44.4	0.0242574991312365	26.7	20.24	신갈나무
146	19	0.04	0.224399315131707	475	QAc	36.42	127.23	203	25	171	44.4	0.0242574991312365	26.7	20.24	굴참나무
147	10	0.02	0.249533164128538	500	QAc	37.9	127.62	470	18	165	44.6	0.0434769493938684	19.6	20.95	상수리나무
148	20	0.04	0.224183853120603	500	PDe	37.99	128.2	710	35	68	26.6	0.0539575191519072	15.5	15.66	강원지방소나무
149	13	0.04	0.199939798631796	325	QAc	37.9	127.62	468	22	150	41.4	0.0281688497335522	20.7	19.6	상수리나무
150	25	0.02	0.108379702896806	1250	QAc	37.87	127.8	350	30	315	25	0.070427267446636	17	14.75	상수리나무
151	52	0.04	0.189099943050067	1300	PD	35.35	127.73	746	20	240	36	0.0291335791158375	16.2	16.7	중부지방소나무
152	38	0.04	0.261336997602309	950	PD	35.21	127.72	520	25	200	43.2	0.05964860521632	19.3	18.7	중부지방소나무
153	49	0.04	0.160212359073824	1225	PD	35.21	128.17	520	27	210	39.4	0.0582098727978666	12	12.8	중부지방소나무
154	15	0.02	0.114039174555647	750	QAc	37.49	127.86	224	30	130	17.6	0.0872857471348705	17.8	13.1	상수리나무
155	41	0.04	0.116179004022283	1025	PDe	37.98	128.2	607	40	127	16.6	0.0676203142188062	14.1	7.72	강원지방소나무
156	50	0.04	0.142591163821606	1250	PTl	37.78	127.91	356	27	255	25.6	0.193979828405237	32.5	25	현사시나무
156	50	0.04	0.142591163821606	1250	PTl	37.78	127.91	356	27	255	25.6	0.193979828405237	32.5	25	신갈나무
156	50	0.04	0.142591163821606	1250	PTl	37.78	127.91	356	27	255	25.6	0.193979828405237	32.5	25	굴참나무
157	73	0.04	0.180890377762675	1825	CJ	33.34	126.68	10	5	342	32.4	0.00756015352710857	15.6	14.4	삼나무
158	25	0.01	0.106950642821818	2500	PD	35.38	128.35	73	23	300	18.8	0.0106382978723404	9.6	10	중부지방소나무
159	46	0.04	0.199662051433438	1150	PD	35.46	127.96	766	20	240	41.8	0.0723263945350764	14.3	15.4	중부지방소나무
160	35	0.04	0.162399595354879	875	PK	37.89	128.71	327	20.7	110	26.6	0.0565161517983944	10.8	10.6	잣나무
160	35	0.04	0.162399595354879	875	PK	37.89	128.71	327	20.7	110	26.6	0.0565161517983944	10.8	10.6	졸참나무
160	35	0.04	0.162399595354879	875	PK	37.89	128.71	327	20.7	110	26.6	0.0565161517983944	10.8	10.6	굴참나무
161	27	0.04	0.335026367121555	675	QV	37.88	128.67	583	9.6	90	74.8	0.0550243733349109	21.3	21.3	굴참나무
161	27	0.04	0.335026367121555	675	QV	37.88	128.67	583	9.6	90	74.8	0.0550243733349109	21.3	21.3	졸참나무
162	38	0.04	0.227544501142084	950	QV	37.88	128.69	664	18.6	90	73.8	0.108180670223372	15.4	15.5	굴참나무
162	38	0.04	0.227544501142084	950	QV	37.88	128.69	664	18.6	90	73.8	0.108180670223372	15.4	15.5	신갈나무
163	30	0.04	0.246791950165857	750	QV	37.88	128.69	663	17.6	210	74.6	0.0775397043645017	16.9	17.9	굴참나무
163	30	0.04	0.246791950165857	750	QV	37.88	128.69	663	17.6	210	74.6	0.0775397043645017	16.9	17.9	신갈나무
164	30	0.04	0.265007484171045	750	QV	37.89	128.78	649	25.4	120	59.8	0.0220583711676805	23.1	22.32	굴참나무
164	30	0.04	0.265007484171045	750	QV	37.89	128.78	649	25.4	120	59.8	0.0220583711676805	23.1	22.32	신갈나무
165	43	0.04	0.197832792917373	1075	QV	37.6	127.62	446	35	110	49	0.0478613853043207	19.9	19.3	굴참나무
165	43	0.04	0.197832792917373	1075	QV	37.6	127.62	446	35	110	49	0.0478613853043207	19.9	19.3	신갈나무
165	43	0.04	0.197832792917373	1075	QV	37.6	127.62	446	35	110	49	0.0478613853043207	19.9	19.3	잣나무
166	37	0.04	0.164639696700795	925	QV	37.61	127.62	412	20	150	40	0.0778620575119872	21.8	18	굴참나무
166	37	0.04	0.164639696700795	925	QV	37.61	127.62	412	20	150	40	0.0778620575119872	21.8	18	신갈나무
166	37	0.04	0.164639696700795	925	QV	37.61	127.62	412	20	150	40	0.0778620575119872	21.8	18	중부지방소나무
167	55	0.04	0.146232256110862	1375	QM	38.15	127.15	330	25	30	42.4	0.0729227586497184	13.8	15.95	신갈나무
168	100	0.04	0.119557475717748	2500	PD	34.96	127.46	328	27	180	33	0.0684338775190074	12.5	10.16	중부지방소나무
169	44	0.04	0.134542659676131	1100	PD	34.98	127.43	177	30	135	31.6	0.0407724643250795	11.3	8.27	중부지방소나무
170	36	0.04	0.177195199960069	900	PD	35.2	127.42	96	26	190	42	0.0542940678618637	13.6	13.95	중부지방소나무
171	63	0.04	0.0511519677971807	1575	PD	34.98	127.01	145	5	355	18	0.0175682092231577	6.5	6.62	중부지방소나무
172	85	0.04	0.138511541247737	2125	PD	35.22	127.43	155	31	150	25.4	0.0475710471401361	16.2	13.38	중부지방소나무
173	27	0.04	0.272796627545137	675	PD	35.09	127.61	230	16	40	43.8	0.0167773270053642	19.6	20.8	중부지방소나무
174	26	0.04	0.0543680477429953	650	PR	35.88	127.46	305	10	90	13.2	0.0970170339004977	5.4	4.7	리기다소나무
175	32	0.04	0.252399670661433	800	PR	35.41	127.81	404	21	32	40.4	0.0229545012264745	18.8	18.4	리기다소나무
175	32	0.04	0.252399670661433	800	PR	35.41	127.81	404	21	32	40.4	0.0229545012264745	18.8	18.4	중부지방소나무
175	32	0.04	0.252399670661433	800	PR	35.41	127.81	404	21	32	40.4	0.0229545012264745	18.8	18.4	굴참나무
176	29	0.04	0.244848862601486	725	PR	35.41	127.81	393	20	32	40	0.0176776695296637	24.9	16.9	상수리나무
176	29	0.04	0.244848862601486	725	PR	35.41	127.81	393	20	32	40	0.0176776695296637	24.9	16.9	리기다소나무
176	29	0.04	0.244848862601486	725	PR	35.41	127.81	393	20	32	40	0.0176776695296637	24.9	16.9	중부지방소나무
176	29	0.04	0.244848862601486	725	PR	35.41	127.81	393	20	32	40	0.0176776695296637	24.9	16.9	굴참나무
177	29	0.04	0.179483454236951	725	PT	36.85	126.27	60	16	153	44	0.0722284026457759	16.8	15.77	해송
178	32	0.04	0.209948207898996	800	PT	36.84	126.28	60	7	265	42.2	0.0370154013076145	23.6	16.2	해송
179	30	0.04	0.206198286446162	750	PR	35.99	127.66	296	20	130	37	0.0226124331495696	20.1	19	리기다소나무
179	30	0.04	0.206198286446162	750	PR	35.99	127.66	296	20	130	37	0.0226124331495696	20.1	19	굴참나무
180	34	0.04	0.188125427496094	850	PR	36.48	127.63	191	22	265	34.2	0.033847476323948	17.3	15.73	리기다소나무
181	37	0.04	0.194507347182846	925	PR	36.42	127.46	151	15	84	45.6	0.0225781362740943	18.4	19.02	리기다소나무
182	38	0.04	0.149665152573125	950	PR	36.44	127.23	67	19	147	33.6	0.0276000550461182	10.2	10.16	리기다소나무
183	29	0.04	0.227339788225345	725	PR	37.51	127.69	347	30	220	43.6	0.030427750370233	19.1	18.3	리기다소나무
184	31	0.04	0.232476845881408	775	PR	35.99	127.66	337	10	98	37	0.0191109940861229	23.6	19	리기다소나무
185	27	0.04	0.241781275505745	675	PD	35.35	126.67	400	5	285	49.4	0.0276076552570564	12.9	12.4	중부지방소나무
185	27	0.04	0.241781275505745	675	PD	35.35	126.67	400	5	285	49.4	0.0276076552570564	12.9	12.4	신갈나무
185	27	0.04	0.241781275505745	675	PD	35.35	126.67	400	5	285	49.4	0.0276076552570564	12.9	12.4	굴참나무
186	47	0.04	0.23496197066669	1175	PD	35.35	126.66	263	10	239	46.4	0.0745328295939249	15.3	14.7	중부지방소나무
186	47	0.04	0.23496197066669	1175	PD	35.35	126.66	263	10	239	46.4	0.0745328295939249	15.3	14.7	신갈나무
186	47	0.04	0.23496197066669	1175	PD	35.35	126.66	263	10	239	46.4	0.0745328295939249	15.3	14.7	리기다소나무
186	47	0.04	0.23496197066669	1175	PD	35.35	126.66	263	10	239	46.4	0.0745328295939249	15.3	14.7	굴참나무
187	25	0.04	0.0682788400604463	625	PD	35.35	126.66	249	5	339	10	0.0447213595499958	4.4	4.4	중부지방소나무
188	52	0.04	0.20011756160202	1300	PD	36.45	126.67	490	5	187	40.6	0.022841424865753	14.1	13.1	중부지방소나무
189	27	0.04	0.198036659531811	675	PD	36.45	126.68	195	15	223	39.4	0.0295987405829711	14.3	13.5	중부지방소나무
190	24	0.04	0.264327054360061	600	PR	37.48	127.73	470	34	240	47.4	0.0583896730088525	21.6	21	리기다소나무
191	31	0.04	0.186825518047049	775	PK	36.43	127.2	74	35	230	40.2	0.0499993811996064	15.4	15	잣나무
192	32	0.04	0.145196203462763	800	QM	36.62	127.05	305	25	116	32	0.0356304820343481	16.1	13.17	신갈나무
193	61	0.04	0.14450821066922	1525	QM	36.19	127.78	208	20	245	38.2	0.0303032379654194	12.6	13.16	신갈나무
194	21	0.04	0.142156017576933	525	LL	36.37	127.46	257	36	180	13.2	0.065169130810929	13.6	11.7	낙엽송
195	34	0.04	0.179092894068643	850	LL	36.61	127.04	431	34	16	36.8	0.0433080908981229	19	18.9	낙엽송
196	39	0.04	0.153336817128762	975	QV	36.62	127.05	306	27	186	34.8	0.040024104244782	13.7	12.47	굴참나무
197	63	0.04	0.129575191139084	1575	QV	36.2	127.78	210	25	250	36.2	0.030761129076409	14.4	14	굴참나무
198	12	0.04	0.238763132274087	300	QV	36.43	127.23	233	20	217	35.6	0.032758156712614	14.8	15.6	굴참나무
199	31	0.04	0.135077397168462	775	PD	36.78	127.78	202	28	290	35.4	0.0547760435866252	11.9	12.7	중부지방소나무
200	45	0.04	0.199479767840696	1125	PD	35.57	127.54	366	32	251	34.4	0.0491614375735109	16.6	15.55	중부지방소나무
201	75	0.04	0.151957450184802	1875	PD	36.14	127.79	240	30	193	34.4	0.0845525556526104	11.1	9.62	중부지방소나무
202	35	0.04	0.207510757036146	875	PD	35.95	127.82	545	32	92	44.2	0.0897594317867754	17.3	17.18	중부지방소나무
203	34	0.04	0.176179888015563	850	PD	35.99	127.66	360	36	305	38.2	0.0192368304407056	15.9	17.5	중부지방소나무
204	49	0.04	0.153151918708456	1225	PD	36.42	127.2	110	30	154	22.4	0.033407655239053	10.5	10.6	중부지방소나무
205	33	0.04	0.180079023057808	825	PD	36.46	126.68	337	5	220	39.6	0.017127095916983	10.9	11.2	중부지방소나무
205	33	0.04	0.180079023057808	825	PD	36.46	126.68	337	5	220	39.6	0.017127095916983	10.9	11.2	신갈나무
205	33	0.04	0.180079023057808	825	PD	36.46	126.68	337	5	220	39.6	0.017127095916983	10.9	11.2	굴참나무
