model	variable	mean	median	sd	mad	q5	q95
base_k0	b_y1m1_logL_Intercept	-1.01594959585375	-1.0151849	0.0296890245566115	0.0301388117100002	-1.065888125	-0.9685341875
base_k0	b_y1m1_logA_Intercept	0.266612705084705	0.264035315	0.176138087747083	0.175390727505	-0.0194997245	0.558132147
base_k0	b_y1m1_logk_Intercept	2.1597852737	2.1622017	0.115827450401902	0.11523886563	1.971769585	2.346704235
base_k0	b_y2_logL_Intercept	-1.72534559166875	-1.54074415	0.668573801212749	0.61499604579	-3.049853235	-0.9991436605
base_k0	b_y2_logA_Intercept	-1.019515142595	-1.0010603	0.250043914002472	0.272576892147	-1.467349285	-0.6627378015
base_k0	b_y2_logk_Intercept	0.038832671278575	-0.080340011	0.628219243086781	0.6784899015594	-0.8173606075	1.160206625
base_k0	shape_y1m1	2.3172770261375	2.31602485	0.0916870202529665	0.0941568866700003	2.16726934	2.469015395
base_k0	shape_y2	3.77566517235	3.76948445	0.226270640049935	0.22420818651	3.41058608	4.152169115
ftp_k0	b_y1m1_logL_Intercept	-1.37484414074713	-1.24720735	0.497552325871984	0.35231898534	-2.37170636	-0.789210285
ftp_k0	b_y1m1_logA_Intercept	-0.35875377154847	-0.30483858	0.504206450706542	0.4872501103722	-1.269207125	0.372395247
ftp_k0	b_y1m1_logk_Intercept	1.9720933480375	1.9747241	0.132625429884381	0.13212842244	1.75051442	2.182931965
ftp_k0	b_y2_logL_Intercept	-2.04242972883025	-1.96140085	0.674177869800769	0.67375326291	-3.253628735	-1.08731868
ftp_k0	b_y2_logA_Intercept	-0.90418779639447	-0.889358645	0.329965384525952	0.275479489362	-1.446712705	-0.384774992
ftp_k0	b_y2_logk_Intercept	0.0350681134630316	-0.034564747	0.438553065160739	0.425943996954	-0.584956718	0.8403039245
ftp_k0	sd_h1__y1m1_logL_Intercept	0.700500788887625	0.50507315	0.611709813408488	0.378943019469	0.1525970055	1.913516485
ftp_k0	sd_h1__y1m1_logA_Intercept	0.86913034615395	0.708631315	0.609346544457002	0.453689440071	0.2322098865	2.06118314
ftp_k0	sd_h1__y2_logL_Intercept	0.939026787773306	0.749982255	0.73987422521164	0.531997510653	0.1816882915	2.331244175
ftp_k0	sd_h1__y2_logA_Intercept	0.410920564546907	0.272189015	0.451149098385796	0.2721485534397	0.02082966225	1.281192875
ftp_k0	shape_y1m1	2.3876626951375	2.38696325	0.0945155483836532	0.0946422899100003	2.23456351	2.54570523
ftp_k0	shape_y2	4.1635666569875	4.1575074	0.247529017229935	0.2505986889	3.763991605	4.57476369
ftp_k1	b_y1m1_logL_Intercept	-1.36920459009211	-1.2572949	0.490114211587011	0.36516059937	-2.34440271	-0.763531688
ftp_k1	b_y1m1_logA_Intercept	-0.185827220534878	-0.0865538595	0.497067148573149	0.4507932172947	-1.13806064	0.452700557
ftp_k1	b_y1m1_logk_Intercept	1.31974032470731	1.50896055	0.748520757358346	0.69249903492	-0.1388417805	2.19789418
ftp_k1	b_y2_logL_Intercept	-2.11767124368988	-2.0377276	0.694470249494391	0.70503753138	-3.359440925	-1.124374475
ftp_k1	b_y2_logA_Intercept	-0.858848013454087	-0.838272485	0.314668245535374	0.266712490086	-1.384190625	-0.391610386000001
ftp_k1	b_y2_logk_Intercept	-0.0303807041270329	-0.07339455	0.53160539711388	0.506867470305	-0.832798224	0.8964666665
ftp_k1	sd_h1__y1m1_logL_Intercept	0.704279431644625	0.518286415	0.589749218937484	0.383797296498	0.164906976	1.844192515
ftp_k1	sd_h1__y1m1_logA_Intercept	0.689502773367306	0.523148935	0.612741238619539	0.474547012695	0.0545364872	1.86934594
ftp_k1	sd_h1__y1m1_logk_Intercept	0.988788851370004	0.774870445	0.858514947536453	0.741891935463	0.0642818423	2.69742605
ftp_k1	sd_h1__y2_logL_Intercept	0.822878053483017	0.631802115	0.729762251357789	0.547508049312	0.0736993678	2.248038025
ftp_k1	sd_h1__y2_logA_Intercept	0.387028963678156	0.244884525	0.434121978029049	0.245885110611	0.02087393985	1.20721523
ftp_k1	sd_h1__y2_logk_Intercept	0.624094099533613	0.46629164	0.576374265747042	0.430015720638	0.0411190133	1.757305145
ftp_k1	shape_y1m1	2.3888877763	2.38755535	0.0934279373925737	0.09131741115	2.235437875	2.54572786
ftp_k1	shape_y2	4.16244786325	4.1564014	0.2416348471565	0.23993026995	3.765650195	4.572773045
sp_k0	b_y1m1_logL_Intercept	-1.1258243219575	-1.1252922	0.125389666679243	0.1223626845	-1.33286961	-0.924894628
sp_k0	b_y1m1_logA_Intercept	0.144107344170978	0.14482483	0.175616433546421	0.1722554532699	-0.1459777865	0.429545486
sp_k0	b_y1m1_logk_Intercept	1.9556444166375	1.9596282	0.111118789971049	0.11041381806	1.767883225	2.1317448
sp_k0	b_y2_logL_Intercept	-1.447466950535	-1.3019027	0.4803152827835	0.32542855023	-2.455417505	-0.966418147
sp_k0	b_y2_logA_Intercept	-1.01385309563112	-1.00785705	0.235953541385336	0.220284878499	-1.410003635	-0.644634654500001
sp_k0	b_y2_logk_Intercept	0.64588966854268	0.625272865	0.569561955217416	0.658127971011	-0.233363761	1.578501465
sp_k0	sd_h1__y1m1_logL_Intercept	0.56026920620625	0.547747025	0.0972063957820401	0.0908908967820001	0.4261594555	0.7380692325
sp_k0	sd_h1__y1m1_logA_Intercept	0.354333977399875	0.33894334	0.113026810710101	0.101783351418	0.199415622	0.5567985875
sp_k0	sd_h1__y2_logL_Intercept	0.525506719728725	0.46670626	0.233721349602771	0.166228934088	0.276990688	0.9812721375
sp_k0	sd_h1__y2_logA_Intercept	0.48558547856002	0.434580095	0.331137720613175	0.309718512915	0.0466594061	1.09861189
sp_k0	shape_y1m1	3.393327748175	3.3929342	0.135391534335119	0.13645917117	3.17617681	3.61571612
sp_k0	shape_y2	5.5455654123125	5.53585755	0.350246777166294	0.35328334251	4.9833069	6.13819688
sp_k1	b_y1m1_logL_Intercept	-1.13485462545875	-1.1335994	0.129289558105897	0.12627519177	-1.347636735	-0.9246865605
sp_k1	b_y1m1_logA_Intercept	0.175595740539528	0.18014886	0.178671832375305	0.1754852002596	-0.122414502	0.4612689595
sp_k1	b_y1m1_logk_Intercept	1.9540641141875	1.95939995	0.13607540234791	0.1297119327	1.722828955	2.168361445
sp_k1	b_y2_logL_Intercept	-1.7717228314675	-1.63522425	0.628241506244291	0.59942207409	-3.005981895	-1.023981445
sp_k1	b_y2_logA_Intercept	-0.9130655965215	-0.89235546	0.226468386286835	0.213635120979	-1.31348695	-0.577313307
sp_k1	b_y2_logk_Intercept	0.246627591866878	0.13475369	0.623881662399367	0.616376487237	-0.6172109705	1.40403775
sp_k1	sd_h1__y1m1_logL_Intercept	0.560359460955	0.54953093	0.0948541139960539	0.090819531831	0.427096356	0.7274553465
sp_k1	sd_h1__y1m1_logA_Intercept	0.315966383935496	0.304150395	0.141722084127515	0.130011447552	0.0973051932	0.5629933165
sp_k1	sd_h1__y1m1_logk_Intercept	0.216007509662689	0.199378915	0.141664879750213	0.13457841894	0.02363058605	0.472435484
sp_k1	sd_h1__y2_logL_Intercept	0.549534864216041	0.47881059	0.3185871048063	0.223275097374	0.1433078885	1.17083835
sp_k1	sd_h1__y2_logA_Intercept	0.41019274097764	0.36239548	0.282215055562506	0.228282801264	0.04717584005	0.958485361999999
sp_k1	sd_h1__y2_logk_Intercept	0.466565109927614	0.429623735	0.31492392976525	0.32042744391	0.04705259625	1.03876904
sp_k1	shape_y1m1	3.402715183625	3.4010917	0.136735829147384	0.1338276303	3.18306322	3.63253729
sp_k1	shape_y2	5.55153947815	5.5433641	0.347768051123512	0.350982199049999	4.98997291	6.133543075
ftp_sp_k0	b_y1m1_logL_Intercept	-1.3808943159839	-1.26951995	0.461740675755303	0.31789701636	-2.3026755	-0.837991607
ftp_sp_k0	b_y1m1_logA_Intercept	-0.145102441414784	-0.05890092	0.44677059828561	0.363224464617	-1.015667275	0.431742171
ftp_sp_k0	b_y1m1_logk_Intercept	1.92811943	1.93023695	0.115184321138929	0.11772118281	1.73458545	2.11456703
ftp_sp_k0	b_y2_logL_Intercept	-1.69489970478387	-1.5629023	0.632355421416647	0.56370690726	-2.927607905	-0.9269955065
ftp_sp_k0	b_y2_logA_Intercept	-0.99617699330535	-0.99876097	0.356948649692467	0.30593399109	-1.5868848	-0.4219709085
ftp_sp_k0	b_y2_logk_Intercept	0.579765532998058	0.55834525	0.582455120514527	0.67540843755	-0.319988319	1.52748755
ftp_sp_k0	sd_h1__y1m1_logL_Intercept	0.585426707986425	0.404744475	0.580903179234002	0.377832374157	0.0459538151	1.737144075
ftp_sp_k0	sd_h2__y1m1_logL_Intercept	0.5506061453275	0.537386425	0.0969097536193541	0.091183843716	0.4156368845	0.726889919
ftp_sp_k0	sd_h1__y1m1_logA_Intercept	0.574910252326966	0.398278265	0.579968913254455	0.382179498204	0.0346582806	1.72301344
ftp_sp_k0	sd_h2__y1m1_logA_Intercept	0.350782447087125	0.333745025	0.119094774159521	0.105697252332	0.1902082255	0.5724748785
ftp_sp_k0	sd_h1__y2_logL_Intercept	0.626931085405085	0.44092587	0.62537487540412	0.406173629736	0.05104660775	1.825749735
ftp_sp_k0	sd_h2__y2_logL_Intercept	0.509404019282694	0.44928271	0.234742815844978	0.156976753962	0.2697068445	0.957377104999998
ftp_sp_k0	sd_h1__y2_logA_Intercept	0.416620994038976	0.27083039	0.465298605819644	0.2770593375438	0.0224254399	1.287249095
ftp_sp_k0	sd_h2__y2_logA_Intercept	0.467604964214987	0.418299815	0.310301065456112	0.274170197889	0.0569743566	1.03277603
ftp_sp_k0	shape_y1m1	3.393494647975	3.38994	0.140280370705573	0.14112016905	3.16579414	3.626737305
ftp_sp_k0	shape_y2	5.5334017385375	5.52960105	0.349288179166294	0.35228303229	4.96804307	6.112828905
ftp_sp_k1	b_y1m1_logL_Intercept	-1.39193608515325	-1.28118	0.460368348073852	0.32950362459	-2.31286974	-0.8562656265
ftp_sp_k1	b_y1m1_logA_Intercept	-0.145674700289349	-0.0575196195	0.457375477262854	0.3700874874753	-1.044009365	0.439320796
ftp_sp_k1	b_y1m1_logk_Intercept	1.43972032893912	1.6780784	0.663590846419703	0.45932845728	0.0510418055500001	2.12339642
ftp_sp_k1	b_y2_logL_Intercept	-1.63962009584525	-1.5047732	0.622834102159569	0.55724358669	-2.85401193	-0.875311212
ftp_sp_k1	b_y2_logA_Intercept	-0.94445725196586	-0.94719141	0.395814002057959	0.340184378772	-1.571258325	-0.309660435
ftp_sp_k1	b_y2_logk_Intercept	0.550090503728737	0.552433975	0.663844664585801	0.7161542537289	-0.520454366	1.61913125
ftp_sp_k1	sd_h1__y1m1_logL_Intercept	0.588419954310269	0.410388125	0.573530523884731	0.387393972903	0.0385666947	1.69152659
ftp_sp_k1	sd_h2__y1m1_logL_Intercept	0.54756841532375	0.53414303	0.0997357451978642	0.091272799716	0.41003074	0.7305549185
ftp_sp_k1	sd_h1__y1m1_logA_Intercept	0.588424603071471	0.41195206	0.584053754130812	0.401644820472	0.0350951323	1.73603394
ftp_sp_k1	sd_h2__y1m1_logA_Intercept	0.347572849284625	0.331768915	0.116376698417583	0.103060589079	0.189193501	0.561480327
ftp_sp_k1	sd_h1__y1m1_logk_Intercept	0.71910879695506	0.45709676	0.750444079131595	0.5339071980459	0.02890164365	2.237677865
ftp_sp_k1	sd_h1__y2_logL_Intercept	0.651810065021034	0.46742442	0.62100367283975	0.42560812875	0.04921161545	1.90258466
ftp_sp_k1	sd_h2__y2_logL_Intercept	0.47025553263525	0.41131239	0.234004469739139	0.131596502625	0.2579059845	0.867962548499999
ftp_sp_k1	sd_h1__y2_logA_Intercept	0.493949648668263	0.33747546	0.522710366271836	0.348546391032	0.02879457645	1.473737165
ftp_sp_k1	sd_h2__y2_logA_Intercept	0.665948803739941	0.53478408	0.497288377567575	0.403241002458	0.0685488089	1.642782375
ftp_sp_k1	sd_h1__y2_logk_Intercept	0.730183773717155	0.53898269	0.679102726222209	0.525779019234	0.04318513345	2.03411586
ftp_sp_k1	shape_y1m1	3.39048831035	3.38697095	0.136710243771145	0.13923556206	3.17096634	3.62015623
ftp_sp_k1	shape_y2	5.58242851925	5.56874555	0.371021804722289	0.36662518578	4.994439605	6.21650468
ftp_sp_k2	b_y1m1_logL_Intercept	-1.404105529218	-1.29645365	0.456747599725499	0.32590520613	-2.31663164	-0.869536636
ftp_sp_k2	b_y1m1_logA_Intercept	-0.178638288388998	-0.087241017	0.486810958806338	0.430294249287	-1.12014065	0.453735356
ftp_sp_k2	b_y1m1_logk_Intercept	1.37676868188914	1.58663865	0.681858253642968	0.54548441892	0.00425581000000002	2.133479165
ftp_sp_k2	b_y2_logL_Intercept	-1.89452939958125	-1.80683985	0.679743060431241	0.68349068319	-3.135634715	-0.9670896865
ftp_sp_k2	b_y2_logA_Intercept	-0.866338306597457	-0.869069405	0.390511377177566	0.323977448067	-1.47889053	-0.2141544875
ftp_sp_k2	b_y2_logk_Intercept	0.256119109300245	0.1908517	0.681905649680375	0.705585263124	-0.7470845905	1.46586625
ftp_sp_k2	sd_h1__y1m1_logL_Intercept	0.581187949001909	0.40349625	0.586386233301327	0.379415286873	0.04357503495	1.70988453
ftp_sp_k2	sd_h2__y1m1_logL_Intercept	0.54260407797625	0.53062622	0.0995715887997997	0.0926205350070001	0.403970056	0.7223511565
ftp_sp_k2	sd_h1__y1m1_logA_Intercept	0.666694361275228	0.504264915	0.606386902694606	0.442791774096	0.05461436645	1.84713424
ftp_sp_k2	sd_h2__y1m1_logA_Intercept	0.296276832004039	0.283321385	0.147263160477358	0.136525317369	0.0688630277	0.556232804
ftp_sp_k2	sd_h1__y1m1_logk_Intercept	0.775734263701014	0.54157912	0.763258980155329	0.598547584719	0.03382871215	2.30381646
ftp_sp_k2	sd_h2__y1m1_logk_Intercept	0.270504808864454	0.25447454	0.15956218929844	0.145302472455	0.03932921635	0.5569627005
ftp_sp_k2	sd_h1__y2_logL_Intercept	0.728066695303865	0.522665295	0.704805194940611	0.498622012644	0.0567934142	2.096942375
ftp_sp_k2	sd_h2__y2_logL_Intercept	0.469289609534656	0.40851003	0.272101894914327	0.169058839425	0.1247047645	1.0023574
ftp_sp_k2	sd_h1__y2_logA_Intercept	0.541506259531265	0.312709795	0.641855924780539	0.3339047990439	0.0233183583	1.878289365
ftp_sp_k2	sd_h2__y2_logA_Intercept	0.44265683207029	0.34712904	0.364178755526523	0.232154121906	0.04874411125	1.191735075
ftp_sp_k2	sd_h1__y2_logk_Intercept	0.723624772958554	0.49612689	0.739539819005117	0.504474094299	0.0366654709	2.247422165
ftp_sp_k2	sd_h2__y2_logk_Intercept	0.485190345879325	0.44498089	0.32587831526181	0.327236847798	0.0484382773	1.05696481
ftp_sp_k2	shape_y1m1	3.405134319675	3.40499975	0.138079632774309	0.13730417904	3.181992885	3.63679547
ftp_sp_k2	shape_y2	5.5742008789125	5.5573856	0.365232595745732	0.36278614134	5.00291712	6.21400884
