stand_id	latitude	longitude	altitude	slope	azimuth	dom.sp.prop	species.richness	species.shannon	species.simpson	species.evenness	PFT1.richness	PFT1.shannon	PFT1.simpson	PFT1.evenness	PFT3.richness	PFT3.shannon	PFT3.simpson	PFT3.evenness	m.d	med.d	sd.d	n.d	m.h	med.h	sd.h	n.h	plot_size	wb.shape	wb.scale	se.shape	se.scale	cv	std	dist.mmd	sdi
1	1	33.34	126.67	189	0	18	1	1	0	0	NA	1	0	0	NA	1	0	0	NA	0.129379746835443	0.113	0.0603596706498696	79	9.73291139240506	9.4	1.71910244313617	79	0.04	2.2901222852728	0.146627061740972	0.185305797931835	0.0076517713837991	0.46653106167104	1975	-0.0163797468354431	270.684925668832
2	2	33.34	126.67	150	15	24	1	1	0	0	NA	1	0	0	NA	1	0	0	NA	0.110964912280702	0.106	0.0361672528046933	57	10.0263157894737	10	0.843361961731877	57	0.02	3.29305638851343	0.123787668504109	0.325751906922081	0.00527828006435199	0.325934135947434	2850	-0.00496491228070177	305.294816895867
3	3	33.34	126.67	400	15	52	1	1	0	0	NA	1	0	0	NA	1	0	0	NA	0.121135135135135	0.119	0.0520668172011066	37	9.14324324324324	9.3	1.59939928663173	37	0.02	2.51932546977007	0.136953335642952	0.3081937104636	0.00947726362483134	0.429824238384861	1850	-0.00213513513513512	228.124457061528
4	4	33.29	126.7	150	0	240	1	1	0	0	NA	1	0	0	NA	1	0	0	NA	0.0550789473684211	0.055	0.0109455200732003	38	5.51578947368421	5.5	0.217512119313762	38	0.01	5.6596640635688	0.0594989778312949	0.700062520065228	0.00179791386498114	0.198724205820168	3800	-7.89473684210534e-05	132.25652259107
5	5	35.09	127.55	502	35	235	0.461009054273303	5	1.28894375311063	0.681800821867355	0.800865782490012	2	0.451213421909847	0.278318262750324	0.650963366171875	2	0.451213421909847	0.278318262750324	0.650963366171875	0.13225	0.122	0.041529908901096	16	11.28125	11.1	1.37851066976889	16	0.01	3.50454784920821	0.146850702616502	0.653998750280829	0.0110874485410274	0.314025776189762	1600	-0.01025	227.149410628216
6	6	34.38	126.68	180	15	340	0.62741023755585	3	0.816087479475955	0.502414312225748	0.742834836178038	3	0.816087479475955	0.502414312225748	0.742834836178038	3	0.816087479475955	0.502414312225748	0.742834836178038	0.145162162162162	0.135	0.0513108790248843	37	12.8054054054054	12.8	0.30454514894798	37	0.04	3.11342589170777	0.162612846712849	0.392524902182008	0.0090856609696494	0.353472821433758	925	-0.0101621621621622	152.499369912677
7	7	34.38	126.68	171	20	305	0.579110215179785	6	1.28829790335543	0.616303061352549	0.719012750026358	3	0.742220747340822	0.418513702180371	0.675598439045903	3	0.742220747340822	0.418513702180371	0.675598439045903	0.162807692307692	0.159	0.0479249573652553	26	13.5346153846154	13.55	1.10234016807601	26	0.04	3.85731846622033	0.180170544223321	0.587338294041738	0.00966416819376596	0.294365436214656	650	-0.00380769230769229	128.825894948976
8	8	37.77	128.02	273	10	20	1	1	0	0	NA	1	0	0	NA	1	0	0	NA	0.131333333333333	0.141	0.0359214830035798	18	7.06666666666667	7	0.137198868114007	18	0.04	4.89075486635728	0.143781723326439	0.997236959216564	0.00719092041293358	0.273513829976496	450	0.00966666666666666	63.1765491586313
9	9	37.81	127.89	510	29	315	1	1	0	0	NA	1	0	0	NA	1	0	0	NA	0.23175	0.2275	0.0367091853044206	36	14.7138888888889	14.7	0.179129287352185	36	0.04	6.6457960991208	0.247497091560286	0.811684067040971	0.0065824622834812	0.158399936588654	900	-0.00425	314.376996730279
10	10	37.81	127.89	507	32	285	1	1	0	0	NA	1	0	0	NA	1	0	0	NA	0.266235294117647	0.2665	0.0545388706662252	34	16.1147058823529	16.25	2.10138949023291	34	0.04	5.73441595780775	0.287751676006966	0.767631169210538	0.00906360415717712	0.204852143465715	850	0.000264705882352889	370.955507343088
11	11	37.7	128.07	326	0	35	1	1	0	0	NA	1	0	0	NA	1	0	0	NA	0.14130303030303	0.145	0.0249618269169206	33	14.0424242424242	14.3	1.38045062910411	33	0.0225	6.3534889737619	0.151711317922326	0.847719176342626	0.00439576829309631	0.17665457607943	1466.66666666667	0.0036969696969697	231.566698676881
12	12	37.8	127.89	356	34	255	0.87804956154994	3	0.444273932001617	0.220286813591272	0.404395560275616	2	0.153102963325539	0.068329743858593	0.22088088593516	2	0.153102963325539	0.068329743858593	0.22088088593516	0.119853658536585	0.1025	0.0598091866991214	82	16.8560975609756	15.9	4.727803174262	82	0.04	2.1726419828255	0.136102091927981	0.182968309743501	0.007330756405833	0.499018448242567	2050	-0.0173536585365854	248.508217541978
13	13	35.98	127.67	450	16	130	0.975050294828605	3	0.126446225571751	0.0487968653138741	0.115096314574313	2	0.116722539009906	0.048654434766511	0.16839502818956	2	0.116722539009906	0.048654434766511	0.16839502818956	0.146829787234043	0.149	0.0421618615776495	47	11.663829787234	11.9	2.02682290810829	47	0.04	4.15744441130156	0.161940384235929	0.494963079295412	0.00595244761353223	0.287147876271486	1175	0.00217021276595741	197.299585441209
14	14	33.33	126.46	450	5	150	1	1	0	0	NA	1	0	0	NA	1	0	0	NA	0.2032	0.22	0.071805292284065	25	12.924	13.2	0.867121675429694	25	0.04	3.27284695717804	0.227311663820306	0.530193891962277	0.0146131233640535	0.353372501397958	625	0.0168	176.786511388908
15	15	33.33	126.45	400	0	135	1	1	0	0	NA	1	0	0	NA	1	0	0	NA	0.308333333333333	0.32	0.077440103931811	12	18.2	18.7	2.48449738835187	12	0.04	5.37814356648112	0.335074260437922	1.31206346706983	0.0186959498742886	0.251157093832901	300	0.0116666666666667	165.710751200213
16	16	33.34	126.46	400	0	135	1	1	0	0	NA	1	0	0	NA	1	0	0	NA	0.158461538461539	0.16	0.0624622963197677	26	10.9653846153846	10.8	0.520724347571578	26	0.04	2.85503689045412	0.178304726539007	0.445896435660028	0.0129082750399346	0.394179539882029	650	0.00153846153846146	123.351015440295
17	17	33.35	126.66	3	3	3	1	1	0	0	NA	1	0	0	NA	1	0	0	NA	0.169142857142857	0.16	0.0665702383851483	35	11.1285714285714	10.3	5.1962979711562	35	0.04	2.74068116782061	0.190459534065616	0.344053162180889	0.0124565525046645	0.393574044506789	875	-0.00914285714285715	184.377000409423
18	18	33.36	126.63	450	10	135	1	1	0	0	NA	1	0	0	NA	1	0	0	NA	0.17952380952381	0.18	0.0696315172875596	42	11.4071428571429	11.6	1.69926710990397	42	0.04	2.84249900983883	0.202114806995617	0.339889733963805	0.0116054277406922	0.38786786818004	1050	0.000476190476190463	243.448308974989
19	19	33.36	126.65	450	0	135	1	1	0	0	NA	1	0	0	NA	1	0	0	NA	0.161224489795918	0.16	0.0689695782290166	49	10.6775510204082	10.9	2.46122135213753	49	0.04	2.53336457696097	0.182100594776005	0.274689617879806	0.0108603581786002	0.427785991547065	1225	-0.0012244897959183	239.009094147463
20	20	33.32	126.54	500	6	150	1	1	0	0	NA	1	0	0	NA	1	0	0	NA	0.315444444444444	0.325	0.0784034601538897	27	20.037037037037	20.3	1.16920359092719	27	0.04	4.82612083599175	0.344791026265168	0.743989169558849	0.0144445810309746	0.248549186821066	675	0.0095555555555556	386.746653364594
21	21	33.37	126.65	350	5	150	1	1	0	0	NA	1	0	0	NA	1	0	0	NA	0.307342857142857	0.306	0.0695865702294812	35	17.1371428571429	17.1	0.31444228338414	35	0.04	5.10896392980002	0.334432960888337	0.671504753551457	0.0116632270978726	0.226413494285753	875	-0.00134285714285709	480.833515457841
22	22	33.38	126.41	350	5	150	1	1	0	0	NA	1	0	0	NA	1	0	0	NA	0.249775	0.2475	0.0498343345238591	40	13.985	14	0.481211079012217	40	0.04	5.37776774509842	0.27024789418595	0.632221766983187	0.00842069945971701	0.199516903308414	1000	-0.00227499999999992	393.928731153046
23	23	33.32	126.47	250	0	135	0.749000431826822	2	0.563430620494928	0.375997569900112	0.812858562073024	1	0	0	NA	1	0	0	NA	0.220323076923077	0.223	0.046000036580253	65	14.9846153846154	15.2	2.51701899384661	65	0.04	5.6464777717041	0.237105680513235	0.552291347248223	0.00544297823661489	0.20878446880221	1625	0.0026769230769231	523.378900290041
24	24	33.35	126.67	350	0	123	1	1	0	0	NA	1	0	0	NA	1	0	0	NA	0.17980487804878	0.178	0.029382718959309	82	11.0329268292683	11	0.80692295868107	82	0.04	6.94249079426689	0.191846945184872	0.570357967287322	0.00321642925101582	0.163414470609288	2050	-0.00180487804878049	476.498770363482
25	25	33.29	126.56	550	0	150	0.928970474241263	2	0.25629390613475	0.131968664458453	0.369753947390665	1	0	0	NA	1	0	0	NA	0.0920185185185185	0.0945	0.0174890701617408	54	5.75555555555555	5.85	0.441124919913343	54	0.04	6.16262286156122	0.0991512758851419	0.663022341412913	0.00230699794111227	0.190060331803985	1350	0.00248148148148146	107.079192605759
26	26	37.09	129.15	540	22	30	1	1	0	0	NA	1	0	0	NA	1	0	0	NA	0.276083333333333	0.274	0.0649649672492565	12	21.4666666666667	21.5	1.28723334985142	12	0.01	4.54654778726831	0.301222694431891	0.94981721549723	0.0203030328525569	0.235309268636003	1200	-0.00208333333333333	555.139736403669
27	27	37.09	129.15	566	15	30	1	1	0	0	NA	1	0	0	NA	1	0	0	NA	0.344444444444444	0.338	0.0460356142326545	9	24.9666666666667	24.9	0.91104335791443	9	0.01	7.22133771835208	0.364709125973023	1.6630652871709	0.0179446989084919	0.133651783256094	900	-0.00644444444444442	593.841253836291
28	28	37.22	129.3	308	20	218	1	1	0	0	NA	1	0	0	NA	1	0	0	NA	0.05015	0.0505	0.0139294273883897	20	4.16	4.2	0.647586612780585	20	0.01	4.30252736399721	0.0552322744669797	0.77717192116108	0.00301279977869635	0.277755281922028	2000	0.000349999999999989	59.8847739087675
29	29	35.23	128.23	82	5	160	0.694732044019014	2	0.615261973681022	0.424158862064353	0.887635398277167	2	0.615261973681022	0.424158862064353	0.887635398277167	2	0.615261973681022	0.424158862064353	0.887635398277167	0.181842105263158	0.16	0.0868629010834733	38	12.6763157894737	12.6	1.24475856999733	38	0.04	2.30013683255475	0.206047293468059	0.301720140138325	0.015322807559219	0.477683102919245	950	-0.0218421052631579	224.845791346926
30	30	36.48	126.81	260	10	270	1	1	0	0	NA	1	0	0	NA	1	0	0	NA	0.0559130434782609	0.055	0.0154269924114087	23	5.76086956521739	5.8	1.0026053018533	23	0.01	3.91374136023606	0.0616690847983495	0.603078327659273	0.00347723990825822	0.275910439706376	2300	-0.000913043478260878	82.0045553158123
31	31	36.46	126.75	205	15	25	1	1	0	0	NA	1	0	0	NA	1	0	0	NA	0.247727272727273	0.27	0.0683779286432481	22	22.8045454545455	24.2	3.92082076838964	22	0.04	4.36358932606659	0.27263183594008	0.755084935955827	0.0139898585848618	0.276020996358066	550	0.0222727272727272	213.817002583862
32	32	36.46	126.75	172	10	25	1	1	0	0	NA	1	0	0	NA	1	0	0	NA	0.223464285714286	0.21	0.0475367165251179	28	19.8357142857143	19.6	1.17353984474144	28	0.04	4.73041126080962	0.242756344496194	0.62997475466963	0.0103076603907634	0.212726236647483	700	-0.0134642857142858	230.636820617571
33	33	34.36	126.68	277	5	350	0.466150764683249	5	1.23970830697549	0.667835117913193	0.770274079787625	3	0.750136273169857	0.440202307482972	0.682803461154869	3	0.750136273169857	0.440202307482972	0.682803461154869	0.175076923076923	0.155	0.0711719646451364	78	11.3294871794872	11.3	0.100787772860477	78	0.04	2.54913611955392	0.197187784030216	0.200469079020567	0.0093078817550522	0.406518251488037	1950	-0.0200769230769232	434.278739565204
34	34	34.36	126.68	272	10	260	0.452691809111794	5	1.17371429581656	0.639094979435863	0.729269695182866	3	0.571556226442132	0.29543495806562	0.52025289753044	3	0.571556226442132	0.29543495806562	0.52025289753044	0.139851351351351	0.1275	0.057679008415952	74	12.0378378378378	12	0.685406129520522	74	0.04	2.61101860081622	0.157930130166274	0.227241171200832	0.00745760643260872	0.412430826435448	1850	-0.0123513513513513	287.288534155881
35	35	34.36	126.68	277	10	230	0.706451244302999	6	0.959557528426774	0.470675281903323	0.535539253402233	3	0.521184191764161	0.262746372214708	0.474402295641543	3	0.521184191764161	0.262746372214708	0.474402295641543	0.184596330275229	0.166	0.114781202428154	109	11.951376146789	11.8	1.48782806397254	109	0.04	1.79799367405501	0.208282246938553	0.100606114476046	0.0118134147732287	0.621795689313095	2725	-0.0185963302752293	660.702708306157
36	36	34.36	126.65	203	20	300	0.435618767035306	6	1.22888443512698	0.652490573982342	0.685853462047795	3	0.86232321487382	0.537716582094565	0.784920416209114	3	0.86232321487382	0.537716582094565	0.784920416209114	0.116076923076923	0.1	0.0613409833579169	91	6.00879120879121	6	0.229805885065515	91	0.04	2.02339188943149	0.131539175028698	0.141484146521836	0.00725068658336633	0.528451148875361	2275	-0.0160769230769231	261.969128006934
37	37	35.73	127.74	950	15	225	0.704625199362041	4	0.73627318697863	0.435631640278665	0.531108837796791	2	0.571796442615489	0.38364368382332	0.824927892159316	2	0.571796442615489	0.38364368382332	0.824927892159316	0.211578947368421	0.22	0.0697302259402107	38	16.6894736842105	17.2	2.53790608239796	38	0.04	3.47628838866349	0.2355816785564	0.451174609587315	0.0115569797701718	0.329570719617911	950	0.00842105263157897	286.720308378114
38	38	34.36	126.56	166	10	270	1	1	0	0	NA	1	0	0	NA	1	0	0	NA	0.237058823529412	0.23	0.0703353312605366	17	15.8117647058824	15.5	3.95725320660385	17	0.01	3.78012485051553	0.262519126544278	0.700696922906081	0.0178233162382128	0.296699908543206	1700	-0.00705882352941181	615.806921215614
39	39	35.46	126.8	218	15	45	0.651437785541521	3	0.86189996035507	0.505961031908426	0.784535153343301	2	0.341252083349211	0.191884335519959	0.492322688340934	2	0.341252083349211	0.191884335519959	0.492322688340934	0.210625	0.22	0.0471057492553003	32	16.00625	16.4	1.65781385390325	32	0.04	4.78168125240015	0.22942319841249	0.625606789336543	0.00899185820458769	0.223647474209141	800	0.00937500000000002	239.703828112867
40	40	37	128.8	626	15	35	1	1	0	0	NA	1	0	0	NA	1	0	0	NA	0.295357142857143	0.27	0.07045086355627	14	17.0142857142857	16.4	1.93345332455732	14	0.04	4.58115550656959	0.322923461171573	0.919966453204745	0.0200081262195584	0.238527712161495	350	-0.0253571428571429	180.437711797598
41	41	37	128.82	638	6	0	1	1	0	0	NA	1	0	0	NA	1	0	0	NA	0.258611111111111	0.255	0.0437844169014353	18	14.3666666666667	14.35	1.04205678969103	18	0.04	6.86293039762771	0.276736453836721	1.26192024779072	0.0100452919775267	0.1693060159454	450	-0.00361111111111118	187.440227258013
42	42	36.89	128.74	683	24	105	1	1	0	0	NA	1	0	0	NA	1	0	0	NA	0.0563846153846154	0.06	0.0147169882649183	13	5.25384615384615	5.3	0.133012434352235	13	0.005	4.64246506873265	0.0618293830386163	1.03789553548084	0.00388343610704661	0.261010705926246	2600	0.0036153846153846	93.9588539602613
43	43	37	128.8	634	13	33	1	1	0	0	NA	1	0	0	NA	1	0	0	NA	0.488571428571429	0.495	0.0794071439197665	14	21.0357142857143	21.3	2.72837149028702	14	0.09	8.53698757767923	0.518544319405244	1.8836856543972	0.0169562536598074	0.162529241941043	155.555555555556	0.0064285714285714	179.873272645073
44	44	36.9	128.82	611	3	350	1	1	0	0	NA	1	0	0	NA	1	0	0	NA	0.1715625	0.1775	0.031236663821008	16	12.85625	12.9	0.0512347538297978	16	0.02	6.92143818711928	0.183985291985897	1.40846784922862	0.00698508439298238	0.18207162882919	800	0.00593750000000001	172.460423705509
45	45	37	128.82	572	0	50	1	1	0	0	NA	1	0	0	NA	1	0	0	NA	0.181153846153846	0.17	0.0416410177466204	13	16.9076923076923	16.1	3.19647241462145	13	0.01	4.80619157106065	0.197587087279492	1.01197099025214	0.0121064796749799	0.229865490745675	1300	-0.0111538461538462	305.816736092001
46	46	34.36	126.68	314	15	200	0.931423370380642	4	0.321914460610302	0.130740112378588	0.232212197956464	2	0.249941470838055	0.127747750978815	0.360589320490555	2	0.249941470838055	0.127747750978815	0.360589320490555	0.174886363636364	0.18	0.0684020997600631	44	12.925	13.1	0.764966939550103	44	0.04	2.820981814726	0.19656870295014	0.332847023117344	0.0110641721639555	0.391123117536423	1100	0.0051136363636364	244.549931387225
47	47	34.36	126.68	268	15	200	0.713360837738609	7	1.00739643838929	0.468633021332334	0.517699359797448	2	0.584274598362647	0.395139911212103	0.842930065575182	3	0.659736900492436	0.417418513265151	0.600518406081422	0.146074074074074	0.14	0.0682058974315597	81	10.9061728395062	11	1.73113731972743	81	0.04	2.30986043309833	0.16552459861879	0.193877674243736	0.00843110781068173	0.466926782619704	2025	-0.00607407407407409	337.222454225472
48	48	34.36	126.68	292	10	200	0.694110680033403	9	1.14681363566239	0.499538026598672	0.521937378405221	2	0.544772184520032	0.359123054582206	0.785940129021297	3	0.781855313662404	0.458091844465815	0.71167537604215	0.139011111111111	0.14	0.0640278195233046	90	21.8288888888889	21.8	10.7626094789556	90	0.04	2.3359179908731	0.157372709595684	0.186505918425919	0.00751249421705152	0.460594976988043	2250	0.0009888888888889	346.041792698678
49	49	34.35	126.68	402	5	200	0.994606068846789	2	0.0335490596610806	0.0107296733198512	0.0484010619995289	2	0.0335490596610806	0.0107296733198512	0.0484010619995289	2	0.0335490596610806	0.0107296733198512	0.0484010619995289	0.175961038961039	0.16	0.0612985450068677	77	15.0363636363636	14.9	1.10392947559223	77	0.04	3.03642930217255	0.197033804300904	0.253661076848648	0.00785000552602521	0.348364304784768	1925	-0.015961038961039	432.191089443701
50	50	37.71	128.43	862	2	260	1	1	0	0	NA	1	0	0	NA	1	0	0	NA	0.0174354838709678	0.016	0.00649998983036263	62	3.08387096774194	3	0.44323458925328	62	0.04	2.84655457925144	0.01959731672942	0.265579704146114	0.000918031568179197	0.372802376949568	1550	-0.00143548387096775	8.51500366923582
51	51	37.71	128.43	872	20	25	0.837550271314214	6	0.684880529663977	0.291937948768572	0.382239101523512	1	0	0	NA	1	0	0	NA	0.127756097560976	0.126	0.0386838341480035	41	13.2048780487805	13.3	1.85255920546581	41	0.04	3.63033738661669	0.141819569797952	0.432598093535604	0.00645576294684052	0.302794425366198	1025	-0.00175609756097561	137.663230722294
52	52	37.7	128.43	914	7	230	0.95455888335038	4	0.213300055803897	0.0874360566542522	0.153863466364811	1	0	0	NA	1	0	0	NA	0.18028125	0.1855	0.0487172449926863	32	17.896875	18.15	1.29601980644961	32	0.04	4.36903220397209	0.197983144994587	0.614084570156543	0.00840539455036859	0.270229128057889	800	0.00521875000000002	186.742083918538
53	53	37.26	126.92	92	8	300	1	1	0	0	NA	1	0	0	NA	1	0	0	NA	0.119925	0.1255	0.0245308675251908	40	10.0625	10.4	1.21964423143885	40	0.04	6.30383375177618	0.129336912960476	0.824287287141004	0.00339128401684681	0.204551740881308	1000	0.00557499999999998	121.339353359993
54	54	37.25	126.97	72	3	20	1	1	0	0	NA	1	0	0	NA	1	0	0	NA	0.214344827586207	0.212	0.0374835924696859	29	20.1310344827586	20.1	2.38059168039554	29	0.04	6.50255073221579	0.229874993162342	0.927710801478869	0.00693745430389759	0.174875190093451	725	-0.00234482758620688	223.422006794702
55	55	34.55	126.86	117	5	0	0.84633982407301	2	0.429005843535353	0.260097452522152	0.61892460298084	2	0.429005843535353	0.260097452522152	0.61892460298084	2	0.429005843535353	0.260097452522152	0.61892460298084	0.202775	0.1715	0.101403860620382	40	17.9275	16.85	4.55631359651019	40	0.04	2.15585348057662	0.229959772463029	0.245993518068374	0.017911079133218	0.50008068361673	1000	-0.031275	281.909487657559
56	56	34.55	126.86	170	8	330	0.955260601636473	2	0.182724194447816	0.0854755691951936	0.263615289180295	2	0.182724194447816	0.0854755691951936	0.263615289180295	2	0.182724194447816	0.0854755691951936	0.263615289180295	0.223347826086956	0.235	0.135868455331435	23	23.2	23.8	1.85300738358927	23	0.04	1.77008041233362	0.252131123275249	0.293019971133915	0.0313837409744749	0.608326741799301	575	0.0116521739130435	189.293231362148
57	57	37.58	128.1	372	30	105	1	1	0	0	NA	1	0	0	NA	1	0	0	NA	0.1217	0.11	0.0388866747021104	50	13.818	13.5	1.62175138385031	50	0.04	3.42231113919119	0.135638553058107	0.370084992427877	0.00593840602423387	0.319528962219478	1250	-0.0117	155.293384505852
58	58	37.58	128.1	374	20	60	1	1	0	0	NA	1	0	0	NA	1	0	0	NA	0.133106382978723	0.13	0.0359415189503565	47	15.9297872340425	15.9	1.84660851217165	47	0.04	4.07579993208882	0.14669008560251	0.454026839170573	0.00555345730412504	0.27002100234443	1175	-0.00310638297872337	168.549953299349
59	59	34.55	126.86	137	3	320	0.950520933057666	2	0.196978521758143	0.0940617777537001	0.284179936502112	2	0.196978521758143	0.0940617777537001	0.284179936502112	2	0.196978521758143	0.0940617777537001	0.284179936502112	0.358578947368421	0.33	0.103944598378962	19	24.9842105263158	24.8	1.26502663911114	19	0.04	3.84409336063063	0.396384463271715	0.671666701462626	0.0250222594990701	0.289879255717053	475	-0.0285789473684211	334.313380036974
60	60	34.75	128.03	200	15	270	0.560510096101415	2	0.685806256384306	0.492677056539595	0.989409285096263	2	0.685806256384306	0.492677056539595	0.989409285096263	2	0.685806256384306	0.492677056539595	0.989409285096263	0.208277777777778	0.1975	0.0561498054635523	18	16.1611111111111	16.15	0.295334085777823	18	0.04	4.08559016988619	0.229456542573673	0.728370510181365	0.0140372814716341	0.269590957146957	450	-0.0107777777777778	132.429881086569
61	61	37.57	127.64	251	27.9	43	1	1	0	0	NA	1	0	0	NA	1	0	0	NA	0.246666666666667	0.23	0.0548482755730144	21	16.647619047619	16.4	1.04193044279311	21	0.04	4.88976490209636	0.268308392822138	0.793340979336854	0.0126840181937693	0.222357873944653	525	-0.0166666666666667	202.697393390346
62	62	37.71	128.32	890	45	80	0.999014072604498	2	0.00780995949786771	0.00196991068534502	0.0112673898371174	1	0	0	NA	1	0	0	NA	0.16290625	0.154	0.112630529114933	32	9.884375	10.15	4.14169276402933	32	0.04	1.51702187724325	0.181115725814183	0.208568070795615	0.0222593256631327	0.691382492169162	800	-0.00890625	158.709028937388
63	63	37.71	128.32	890	45	80	1	1	0	0	NA	1	0	0	NA	1	0	0	NA	0.145829268292683	0.16	0.101566210532594	41	8.65121951219512	9.6	2.72186718551985	41	0.04	1.40585493076598	0.159836504300875	0.180677151327739	0.0186725771976761	0.696473428974135	1025	0.014170731707317	170.233946614071
64	64	37.74	128.35	810	13.5	210	0.639045923527614	3	0.902975226282878	0.526049397938222	0.82192347163492	2	0.449269662710616	0.276708433627456	0.648159114414463	2	0.449269662710616	0.276708433627456	0.648159114414463	0.171805555555556	0.1675	0.0876981249007703	36	14.55	14.75	4.75896147134165	36	0.04	2.10812691931496	0.194559974420297	0.259356960788894	0.0162731668718152	0.510449878161315	900	-0.00430555555555559	194.459329827724
65	65	37.71	128.33	748	16.2	195	0.783709429787364	3	0.636986472580802	0.355236017621655	0.579810074173706	1	0	0	NA	1	0	0	NA	0.123159090909091	0.1175	0.0757010470210589	44	10.7840909090909	10.55	5.95353884137236	44	0.04	1.69485499505532	0.138258314539305	0.205552684837437	0.0129582337132149	0.614660651213617	1100	-0.0056590909090909	139.29737772274
66	66	37.48	128.5	1049	13.5	10	1	1	0	0	NA	1	0	0	NA	1	0	0	NA	0.142914285714286	0.07	0.130646890831866	35	9.70285714285714	8.8	2.6223570127885	35	0.04	1.08878811133355	0.147866118366547	0.144808153417305	0.0243124220547035	0.914162570794747	875	-0.0729142857142857	140.687665822759
67	67	37.47	128.53	1099	22.5	90	1	1	0	0	NA	1	0	0	NA	1	0	0	NA	0.1485	0.124	0.10173703223907	60	12.785	12.75	2.22366509184229	60	0.04	1.57286460626093	0.166521236303676	0.154090443265273	0.0144787483210285	0.685097860195757	1500	-0.0245	256.486068904319
68	68	35.03	127.61	139	9	45	0.786430156827535	3	0.529507045364056	0.336719459019962	0.48197808346564	2	0.0137971816300647	0.00379080012621569	0.0199051255159386	2	0.0137971816300647	0.00379080012621569	0.0199051255159386	0.146042553191489	0.145	0.0826256506773849	47	15.2574468085106	15.8	5.15455664524755	47	0.04	1.88642700766415	0.165041640952015	0.210854542737991	0.0134726084823274	0.565764216468108	1175	-0.00104255319148933	195.604523910491
69	69	37.31	127.28	332	27	90	0.876287586630896	3	0.416649206038955	0.219768125230075	0.379250451079584	2	0.0710185489163482	0.02640521926161	0.102458108332746	2	0.0710185489163482	0.02640521926161	0.102458108332746	0.124385964912281	0.078	0.0990547745993464	57	11.1052631578947	10.7	1.54462444032656	57	0.04	1.34121383522439	0.136464827333369	0.13601722075754	0.0142918133000542	0.796350091983462	1425	-0.0463859649122807	183.347288906568
70	70	37.31	127.28	400	18	352	0.868746252790475	3	0.44957595517388	0.233021027606526	0.409221669747495	1	0	0	NA	1	0	0	NA	0.125204081632653	0.091	0.0921669634395094	49	9.57142857142857	8.2	4.73083854441613	49	0.04	1.44563738971516	0.138942449110962	0.159520651445259	0.0145449591676595	0.73613385632208	1225	-0.0342040816326531	159.281495451126
71	71	37	126.39	54	18	42	0.616217464950447	7	1.00057567251452	0.541789618825842	0.514194179520708	2	0.30371054253504	0.16463186967168	0.438161693580999	2	0.30371054253504	0.16463186967168	0.438161693580999	0.0897387387387388	0.07	0.0609808780329333	111	12.963963963964	12.8	1.29613360652455	111	0.04	1.62888256268404	0.101154578585484	0.11104444360775	0.00625722534210971	0.679537944147735	2775	-0.0197387387387388	211.420643077993
72	72	37.46	128.48	778	12.6	190	1	1	0	0	NA	1	0	0	NA	1	0	0	NA	0.0900526315789474	0.086	0.0448577013595882	38	8.32368421052632	8.4	0.656952098515527	38	0.04	2.18642629437584	0.102075367631269	0.281208276324143	0.00799246591201004	0.498127601304603	950	-0.00405263157894738	72.7850031599513
73	73	37	126.4	62	12.2	35	0.452438985874027	5	1.03689929889087	0.597606664379216	0.644261758021268	2	0.121511239094217	0.0511514971818403	0.1753036620535	2	0.121511239094217	0.0511514971818403	0.1753036620535	0.0861744966442953	0.074	0.0486288663499511	149	10.0234899328859	9.6	2.79969567027949	149	0.09	1.9200627322934	0.0978079814978157	0.113728743725936	0.004430861457107	0.564306938173109	1655.55555555556	-0.0121744966442953	118.189317668565
74	74	37.79	127.86	330	42	53	1	1	0	0	NA	1	0	0	NA	1	0	0	NA	0.0162857142857143	0.017	0.00453557367611073	7	2.15714285714286	2.2	0.269920623252731	7	0.01	4.52703153719095	0.0178731578262607	1.38170618489649	0.00153841636920941	0.278500138006799	700	0.000714285714285716	3.44666866874179
75	75	35.92	127.68	624	45	270	0.504219307628804	4	1.18326990561095	0.648467973667541	0.853548812429034	1	0	0	NA	1	0	0	NA	0.161888888888889	0.113	0.0942055880001686	18	9.38333333333333	8.9	1.00308348136545	18	0.04	1.92290968859626	0.18410642945753	0.337720214458541	0.023996432151832	0.581915094029868	450	-0.0488888888888889	88.380698751173
76	76	35.86	127.13	76	10	45	0.590644692195831	2	0.676623041868472	0.483567079553446	0.976160707054851	1	0	0	NA	1	0	0	NA	0.121904761904762	0.12	0.0708956308681323	21	10.0333333333333	10.3	4.17688081387694	21	0.04	1.84291350612051	0.137565229162279	0.322063620733285	0.0171675354914605	0.581565721965148	525	-0.0019047619047619	65.3994421423145
77	77	35.8	127.3	32	30	320	0.610772725165716	5	1.19561972455126	0.586500830400965	0.74288030331224	1	0	0	NA	1	0	0	NA	0.1263	0.131	0.0457784394365009	30	10.2166666666667	10.6	2.40632547649951	30	0.04	3.13592268856704	0.141243799604405	0.462131415745899	0.00863234128639213	0.362457952783063	750	0.00470000000000001	98.8929210725377
78	78	35.35	127.91	403	20	225	0.46680805745442	4	1.14669072039046	0.637565929769489	0.827162507870354	2	0.653126810953738	0.460516425856936	0.942262811234581	2	0.653126810953738	0.460516425856936	0.942262811234581	0.190277777777778	0.191	0.0830753064150095	18	11.5722222222222	11.85	2.02740214982726	18	0.04	2.60114044841008	0.215277694251212	0.493767319547462	0.0205972124986811	0.43660015050224	450	0.000722222222222235	114.546528398494
79	79	35.37	127.85	469	50	315	0.424963177870723	3	1.07087767085072	0.648610947337795	0.974754862927105	1	0	0	NA	1	0	0	NA	0.156277777777778	0.145	0.0673286981514662	18	10.7222222222222	10.7	0.642198022928749	18	0.04	2.50934279731717	0.176533302446237	0.424369118376101	0.0176284948131175	0.430827076689083	450	-0.0112777777777778	83.5158926404335
80	80	34.78	128	293	30	315	0.478124278455905	3	0.907729445672505	0.566371064947674	0.826250948615348	2	0.69218978059654	0.49904290561385	0.998618763820649	2	0.69218978059654	0.49904290561385	0.998618763820649	0.192619047619048	0.189	0.0532620654786089	21	9.50952380952381	9.5	0.558484343473263	21	0.04	4.12917640717973	0.212272285100489	0.699366864308801	0.011841297224636	0.276515049456313	525	-0.00361904761904766	136.286592621386
81	81	36.59	127.88	540	15	280	1	1	0	0	NA	1	0	0	NA	1	0	0	NA	0.188945945945946	0.176	0.0564032829747554	37	13.0405405405405	12.6	2.36272670393287	37	0.04	3.6432511371358	0.209561463225136	0.452380622566508	0.0100179938513797	0.298515444151902	925	-0.0129459459459459	232.817225629144
82	82	33.34	126.65	475	4	262	1	1	0	0	NA	1	0	0	NA	1	0	0	NA	0.290446808510638	0.298	0.054502416584093	47	18.431914893617	18.7	1.1747536990659	47	0.04	5.82361220988585	0.31295123521829	0.634534679565344	0.00829375531242078	0.187650251223527	1175	0.00755319148936179	589.673128999885
83	83	33.36	126.64	515	0	195	1	1	0	0	NA	1	0	0	NA	1	0	0	NA	0.399814814814815	0.375	0.0852521315037104	27	23.8222222222222	23.5	1.19271291707774	27	0.04	4.7583129872817	0.434460594098898	0.652860026295425	0.0186815940887698	0.21322904591016	675	-0.0248148148148148	565.768603669068
84	84	33.33	126.65	410	28	156	1	1	0	0	NA	1	0	0	NA	1	0	0	NA	0.325923076923077	0.317	0.0608840073268682	39	22.1717948717949	22.1	0.648864886571651	39	0.04	5.27767177559148	0.351388703924627	0.584433903414345	0.0113248471763599	0.186804837207762	975	-0.00892307692307692	588.716128714486
85	85	33.33	126.71	10	0	185	1	1	0	0	NA	1	0	0	NA	1	0	0	NA	0.134425925925926	0.132	0.0260883487094715	108	9.38055555555555	9.4	0.623894661210211	108	0.04	5.07439188763396	0.145226997679106	0.336291019698953	0.00292151011849965	0.194072300635275	2700	-0.00242592592592591	393.487193217143
86	86	37.51	127.69	178	23	330	1	1	0	0	NA	1	0	0	NA	1	0	0	NA	0.330727272727273	0.333	0.0779347046046765	11	27.9818181818182	28	0.256195947736032	11	0.04	4.51464031392542	0.360864239925714	0.979264201102116	0.0256011863622307	0.235646440530907	275	0.00227272727272732	169.994011838008
87	87	37.78	127.83	525	10	8	1	1	0	0	NA	1	0	0	NA	1	0	0	NA	0.230225806451613	0.231	0.034696502876053	31	21.5645161290323	21.6	0.718121803548105	31	0.04	7.18904430997701	0.245004793537079	0.951712159098552	0.00647974064468128	0.15070640173149	775	0.000774193548387092	267.861589310868
88	88	37.79	127.83	601	18	8	1	1	0	0	NA	1	0	0	NA	1	0	0	NA	0.2479	0.2395	0.0467872002289425	20	21.685	21.5	1.27620943669752	20	0.04	5.76820875123185	0.267284217589184	0.971020714296004	0.0109898332447523	0.188734167926351	500	-0.00840000000000002	194.59666538893
89	89	37.7	128.07	366	25	10	1	1	0	0	NA	1	0	0	NA	1	0	0	NA	0.193081081081081	0.2	0.0586294287018892	37	22.0837837837838	22.7	3.30761020757968	37	0.04	3.8539572475142	0.213262946601092	0.506769856713297	0.00951385505052516	0.303651856378765	925	0.00691891891891891	241.04912001768
90	90	37.7	128.07	337	37	330	1	1	0	0	NA	1	0	0	NA	1	0	0	NA	0.03785	0.037	0.019361699918365	60	4.76166666666667	4.9	1.05430379738249	60	0.04	2.05546053359509	0.0426693554891426	0.213305784920529	0.00280857999848035	0.511537646456142	1500	-0.00084999999999999	28.5916070682265
91	91	37.51	127.69	190	30	3	1	1	0	0	NA	1	0	0	NA	1	0	0	NA	0.173076923076923	0.1725	0.0419198502639722	26	17.1923076923077	17.3	1.70362509418547	26	0.04	4.54124298766015	0.189328805957032	0.671983944264402	0.0086543576372571	0.24220357930295	650	-0.000576923076923086	142.114627767524
92	92	37.8	127.89	361	31	283	1	1	0	0	NA	1	0	0	NA	1	0	0	NA	0.122809523809524	0.103	0.0639775306178906	63	16.3968253968254	15.1	5.3177113757211	63	0.04	2.08266169331923	0.139493369592469	0.19754874897754	0.00894939282297609	0.52094926055669	1575	-0.0198095238095238	198.54070438021
93	93	37.8	127.89	358	47	277	1	1	0	0	NA	1	0	0	NA	1	0	0	NA	0.125193548387097	0.1165	0.0565766095182416	62	16.1548387096774	15.65	5.38737678857564	62	0.04	2.42690916259585	0.141804541960162	0.243162772409098	0.00783943332895224	0.451913139671602	1550	-0.00869354838709681	201.512638874742
94	94	37.8	127.89	357	28	258	1	1	0	0	NA	1	0	0	NA	1	0	0	NA	0.128683333333333	0.118	0.0647646303520121	60	17.8616666666667	17.7	3.91282513856315	60	0.04	2.14142862743213	0.145984002019891	0.203033558106843	0.0093334794487127	0.503286856769943	1500	-0.0106833333333334	203.810295191131
95	95	34.95	127.02	425	25	180	1	1	0	0	NA	1	0	0	NA	1	0	0	NA	0.138679245283019	0.12	0.0734856798150564	53	13.2830188679245	12.6	3.70891523893943	53	0.04	2.04719029089702	0.157499727122264	0.20288029012727	0.0112301037019603	0.529896738802448	1325	-0.0186792452830188	202.999912592583
96	96	34.94	127.04	430	45	45	1	1	0	0	NA	1	0	0	NA	1	0	0	NA	0.118552631578947	0.11	0.0401564921233058	76	8.5671052631579	8.2	2.14671147931868	76	0.04	3.19381093230723	0.132547179092271	0.276863246268513	0.00504252435044327	0.338722908032324	1900	-0.00855263157894737	226.325057294716
97	97	35.53	127.05	300	25	315	1	1	0	0	NA	1	0	0	NA	1	0	0	NA	0.164444444444444	0.175	0.0681021915706978	18	14.1111111111111	14.95	3.64334831276184	18	0.01	2.78605252280221	0.185264195738845	0.546129777459133	0.0164530797566838	0.41413494874073	1800	0.0105555555555555	362.522440319556
98	98	35.38	126.74	488	20	135	1	1	0	0	NA	1	0	0	NA	1	0	0	NA	0.240555555555556	0.24	0.0643181575981884	36	19.0555555555556	19.2	1.72849140573002	36	0.04	4.34206853420462	0.263477539234384	0.564517969010707	0.0105937122328437	0.267373403410483	900	-0.000555555555555559	333.76806159958
99	99	35.51	127.09	620	30	270	1	1	0	0	NA	1	0	0	NA	1	0	0	NA	0.186666666666667	0.18	0.0519048903963665	18	12.9111111111111	12.7	2.50643615961433	18	0.01	3.95921150493033	0.205966414868833	0.701635210331042	0.0129932520535934	0.278061912837678	1800	-0.00666666666666665	444.310154289303
100	100	35.51	127.08	510	10	90	1	1	0	0	NA	1	0	0	NA	1	0	0	NA	0.202142857142857	0.2	0.0345722156541651	28	14.0821428571429	14.1	0.18064405645433	28	0.04	6.3388925934922	0.216734435285858	0.89938910524503	0.00684902924588383	0.171028628677848	700	-0.00214285714285714	196.350194536178
101	101	34.79	128.04	250	20	200	1	1	0	0	NA	1	0	0	NA	1	0	0	NA	0.245347826086957	0.254	0.0586302812667902	23	13.7913043478261	14.1	1.4070966379807	23	0.04	4.94247300177667	0.267660837376059	0.810878627847361	0.011887691253043	0.238968007998613	575	0.00865217391304349	220.099908843665
102	102	35.44	126.76	434	35	135	1	1	0	0	NA	1	0	0	NA	1	0	0	NA	0.188611111111111	0.205	0.0670672488850995	36	13.7055555555556	14.4	2.12400490239473	36	0.04	3.37276255178888	0.210217582484675	0.48584370215357	0.010804503130909	0.355584824722177	900	0.0163888888888888	225.880919804849
103	103	34.69	126.95	275	13	120	1	1	0	0	NA	1	0	0	NA	1	0	0	NA	0.247729166666667	0.244	0.0369684969873478	48	16.9	16.8	1.32697063412488	48	0.04	6.77499602412126	0.263680750110441	0.685583438885342	0.0059569361377339	0.149229489142435	1200	-0.00372916666666667	466.515548207706
104	104	35.16	128.45	333	12	120	1	1	0	0	NA	1	0	0	NA	1	0	0	NA	0.202732142857143	0.201	0.0295724017971478	56	16.7607142857143	16.8	0.333400426148265	56	0.04	7.26020732851232	0.215473270356075	0.710176413884974	0.00420219142645202	0.145869329748989	1400	-0.00173214285714288	394.539409472248
105	105	34.69	127.02	420	10	60	1	1	0	0	NA	1	0	0	NA	1	0	0	NA	0.190148148148148	0.188	0.0295917136318517	27	15.8555555555556	15.8	1.17451572126012	27	0.04	7.56079083632562	0.202387164795865	1.12968180947144	0.00543385414776465	0.155624516567977	675	-0.00214814814814815	171.631958289906
106	106	34.97	127.3	440	5	200	1	1	0	0	NA	1	0	0	NA	1	0	0	NA	0.129704918032787	0.131	0.0340163412995848	61	11.7196721311475	11.7	0.109269806947677	61	0.04	4.21956890645928	0.142658498086234	0.413107257970968	0.00457479746909716	0.262259456430064	1525	0.00129508196721306	209.8536366725
107	107	34.91	127.28	190	5	0	1	1	0	0	NA	1	0	0	NA	1	0	0	NA	0.129333333333333	0.113	0.0741115632646068	15	6.13333333333333	6.1	0.175932887637249	15	0.04	1.95823454382731	0.146969986594626	0.350693646221411	0.0206461697431463	0.573027551015001	375	-0.0163333333333333	51.3662826970065
108	108	36.02	128.16	390	43	350	1	1	0	0	NA	1	0	0	NA	1	0	0	NA	0.148061224489796	0.145	0.063263472927138	49	10.8918367346939	11	1.22828415799811	49	0.04	2.58607079488007	0.167386755764322	0.292258787855454	0.00976642100963534	0.427279141754619	1225	-0.0030612244897959	208.471167363315
109	109	34.96	127.31	385	15	270	1	1	0	0	NA	1	0	0	NA	1	0	0	NA	0.257391304347826	0.26	0.0677708298273975	23	18.3391304347826	18.6	2.81501479576845	23	0.04	4.23821148162205	0.281066769352632	0.656524050812744	0.0144932664327947	0.263298832099686	575	0.00260869565217386	237.696381974742
110	110	35.16	128.1	64	25	130	1	1	0	0	NA	1	0	0	NA	1	0	0	NA	0.151730769230769	0.15	0.0222041467462728	52	14.5519230769231	14.5	1.18528401239756	52	0.04	6.07069435543808	0.161056589498295	0.528824001819691	0.00390216869657149	0.146339116705473	1300	-0.00173076923076929	230.100806064782
111	111	34.7	126.96	152	15	300	1	1	0	0	NA	1	0	0	NA	1	0	0	NA	0.177297297297297	0.17	0.0630133122986081	74	15.6864864864865	15.7	1.23735514711374	74	0.04	3.0050161704061	0.198422597795067	0.25902118541915	0.00811673157484335	0.35541045046471	1850	-0.00729729729729736	420.426601898969
112	112	34.34	126.59	67	15	300	1	1	0	0	NA	1	0	0	NA	1	0	0	NA	0.1024	0.09	0.050408939926265	50	7.712	7.45	1.4389111529634	50	0.04	2.14733570506585	0.115921612160663	0.201380945290491	0.00813039022207166	0.492274803967432	1250	-0.0124	117.704483933276
113	113	36.45	127.95	590	12	270	1	1	0	0	NA	1	0	0	NA	1	0	0	NA	0.130083333333333	0.1185	0.0436605906412321	60	12.8133333333333	12.45	1.86206252208625	60	0.04	3.26359346956177	0.14542344860487	0.323546872493963	0.00609390763850763	0.335635546249062	1500	-0.0115833333333333	207.380817758971
114	114	35.11	126.56	120	23	270	1	1	0	0	NA	1	0	0	NA	1	0	0	NA	0.108931034482759	0.105	0.0311103233147579	29	8.12413793103448	8.1	0.462643933135403	29	0.04	3.82478082402744	0.120520978111146	0.538807352066227	0.00620237298769298	0.285596510328578	725	-0.00393103448275864	75.3907274108747
115	115	35.15	126.57	130	25	135	1	1	0	0	NA	1	0	0	NA	1	0	0	NA	0.0983	0.096	0.0213544029725907	20	7.895	7.9	0.075915465451625	20	0.01	5.14869662843024	0.106871005655642	0.886723973787335	0.00491538397113799	0.217237059741512	2000	-0.00230000000000002	176.372128418249
116	116	35.29	126.6	150	7	270	1	1	0	0	NA	1	0	0	NA	1	0	0	NA	0.228655172413793	0.236	0.0757200086135329	29	15.9034482758621	16.3	2.00721604620869	29	0.04	3.51436073195937	0.253909851881215	0.529847049690473	0.0140306622356404	0.331153709816386	725	0.00734482758620686	247.842124879459
117	117	36.72	128.92	468	42	80	1	1	0	0	NA	1	0	0	NA	1	0	0	NA	0.142435897435897	0.136	0.0440411260383524	39	10.6461538461538	10.6	0.932412308236333	39	0.04	3.53395750275575	0.158406435513093	0.43139837305521	0.00760756236877295	0.309199624751709	975	-0.00643589743589745	155.924875911502
118	118	37.78	126.95	230	35	240	1	1	0	0	NA	1	0	0	NA	1	0	0	NA	0.169903225806452	0.155	0.0510616325882814	31	11.2935483870968	11	1.20801089505875	31	0.04	3.59139821770541	0.188502574154862	0.482039556627792	0.00999489551174318	0.300533626397707	775	-0.0149032258064517	164.48521771087
119	119	37.78	126.95	250	12	0	1	1	0	0	NA	1	0	0	NA	1	0	0	NA	0.298631578947368	0.307	0.0268932261737986	19	24.5894736842105	24.6	0.19117977822547	19	0.04	15.320797438828	0.309663313523734	2.87914361594851	0.00485625842305113	0.0900548638177959	475	0.00836842105263158	249.251638101195
120	120	35.34	126.42	73	13	315	1	1	0	0	NA	1	0	0	NA	1	0	0	NA	0.15225	0.151	0.0517963220157472	40	10.2675	10.35	2.23874821937251	40	0.04	3.32915803399577	0.170006568713388	0.41830090010136	0.00850611960324474	0.340205727525433	1000	-0.00125	177.973783344141
121	121	35.36	126.76	150	25	0	1	1	0	0	NA	1	0	0	NA	1	0	0	NA	0.16475	0.15	0.0740058036532202	40	15.715	15.55	2.70408522851572	40	0.04	2.46931775881238	0.186617768782987	0.31334598467644	0.0126177625193182	0.449200629154599	1000	-0.01475	202.002325167127
122	122	35.44	126.77	273	21	270	1	1	0	0	NA	1	0	0	NA	1	0	0	NA	0.241735294117647	0.2435	0.0666893789297223	34	16.3823529411765	16.55	1.28569532849675	34	0.04	4.10859190282895	0.266440829739441	0.545641188652564	0.0117315087093671	0.275877708189629	850	0.001764705882353	317.710297767576
123	123	37.5	127.71	155	25	102	1	1	0	0	NA	1	0	0	NA	1	0	0	NA	0.203615384615385	0.2055	0.0252096440642496	26	13.4384615384615	13.55	1.0008304244284	26	0.04	7.43809558315919	0.214994001924246	0.975277318844525	0.00602991714195015	0.123810114406968	650	0.0018846153846154	184.46157653709
124	124	37.5	127.71	160	25	286	1	1	0	0	NA	1	0	0	NA	1	0	0	NA	0.213423076923077	0.2045	0.0529604932582189	26	13.2961538461538	13.2	1.35719733840905	26	0.04	4.58712211432491	0.233876957698599	0.703547041381552	0.0105719164815605	0.248147922997602	650	-0.0089230769230769	198.928647816008
125	125	37.82	127.85	411	28	8	1	1	0	0	NA	1	0	0	NA	1	0	0	NA	0.28092	0.277	0.0484406165664036	25	18.832	18.8	1.44156165320808	25	0.04	6.20054017893119	0.301280551285415	0.914880264853508	0.0103037888126509	0.172435627817185	625	-0.00391999999999998	297.308106071171
126	126	37.79	127.83	456	27	8	1	1	0	0	NA	1	0	0	NA	1	0	0	NA	0.306272727272727	0.3055	0.042634863688437	22	16.7545454545455	16.8	0.808129688276327	22	0.04	7.9396346124886	0.324794062596755	1.29073717056287	0.00924257412873102	0.139205550778512	550	-0.000772727272727314	300.550957965445
127	127	37.79	127.81	482	18	8	1	1	0	0	NA	1	0	0	NA	1	0	0	NA	0.246030303030303	0.245	0.0270271678692071	33	15.3090909090909	15.3	0.508898096604097	33	0.04	10.0194625419885	0.257981156498863	1.3033597173057	0.00474417715419319	0.109853004025599	825	-0.00103030303030313	317.206602322352
128	128	37.79	127.82	456	24	8	1	1	0	0	NA	1	0	0	NA	1	0	0	NA	0.122410256410256	0.121	0.0245396756602745	39	7.21538461538462	7.2	0.823196101705024	39	0.02	5.63896463607273	0.132341991843342	0.69442277648613	0.00396953012204018	0.200470747957836	1950	-0.0014102564102564	244.530905892368
129	129	35.2	128.17	139	21	300	1	1	0	0	NA	1	0	0	NA	1	0	0	NA	0.208315789473684	0.198	0.0415866600293611	19	16.4684210526316	16.2	1.13727385130649	19	0.04	5.3487352745857	0.225311476137831	0.905682446803555	0.0102556829632611	0.19963277932235	475	-0.0103157894736842	139.82804542974
130	130	35.12	128.06	117	10	20	1	1	0	0	NA	1	0	0	NA	1	0	0	NA	0.194958333333333	0.1785	0.056451194131219	24	18.7333333333333	18.35	1.83863528470029	24	0.04	3.9114055610804	0.215774177943883	0.625524825672978	0.0119115406797028	0.289555174000696	600	-0.0164583333333333	158.803258345345
131	131	34.93	127.65	230	15	120	1	1	0	0	NA	1	0	0	NA	1	0	0	NA	0.0834166666666667	0.0835	0.0175108191664122	12	4.125	4.15	0.592567602587556	12	0.01	5.62929463182383	0.0902639165345177	1.26341851597637	0.00488331229031383	0.209919910086859	1200	8.3333333333338e-05	81.3099332648129
132	132	34.93	127.64	230	15	160	1	1	0	0	NA	1	0	0	NA	1	0	0	NA	0.121283333333333	0.117	0.0405471442145412	60	7.27666666666667	7.25	1.19892136079833	60	0.04	3.28708691756701	0.135460295522833	0.325964476415943	0.00562619162422399	0.334317528222134	1500	-0.00428333333333338	185.329104842279
133	133	34.51	127.1	57	22	190	1	1	0	0	NA	1	0	0	NA	1	0	0	NA	0.15275	0.136	0.0601090407026559	32	10.3625	10.15	1.1401046924197	32	0.04	2.75903887354528	0.172142473174864	0.365546524292658	0.011708937645842	0.393512541424916	800	-0.01675	143.130242626576
134	134	34.51	127.1	46.5	15	190	1	1	0	0	NA	1	0	0	NA	1	0	0	NA	0.183541666666667	0.1755	0.0660283069511901	24	12.0541666666667	11.65	4.02254290831998	24	0.04	3.06783304338894	0.205693763628007	0.477235879236885	0.0144876349100465	0.359745599734066	600	-0.0080416666666667	144.144130087854
135	135	35.46	127.65	655	10	20	1	1	0	0	NA	1	0	0	NA	1	0	0	NA	0.240357142857143	0.247	0.0271650429861534	14	10.8285714285714	11	0.629320233302534	14	0.04	10.5698784205535	0.251649443959683	2.11604590345319	0.00671000885547148	0.113019495336151	350	0.00664285714285714	129.626903328942
136	136	35.46	127.64	680	15	330	1	1	0	0	NA	1	0	0	NA	1	0	0	NA	0.309	0.307	0.0486235539630743	9	22.3333333333333	22.3	1.63554272337961	9	0.04	7.33722938584675	0.329107066965293	1.8727238322888	0.0158378505721426	0.157357779815775	225	-0.00199999999999995	124.714641230709
137	137	35.46	127.64	623	13	50	1	1	0	0	NA	1	0	0	NA	1	0	0	NA	0.26295	0.257	0.0582900867260147	20	18.935	18.9	0.130887657735055	20	0.04	4.8972985670496	0.286204173180022	0.818791841230291	0.0138599211336972	0.221677454748107	500	-0.00594999999999996	213.903560971098
138	138	37.99	128.2	811	10	0	1	1	0	0	NA	1	0	0	NA	1	0	0	NA	0.491857142857143	0.51	0.134677881881666	14	23.2428571428571	23.75	2.66132248377331	14	0.04	4.66167033455525	0.538645747068456	1.04311229658538	0.0322145721365889	0.273815037226738	350	0.0181428571428571	409.092177990623
139	139	37.99	128.2	774	10	62	1	1	0	0	NA	1	0	0	NA	1	0	0	NA	0.25976	0.242	0.0491988143488574	25	18.072	17.6	1.4333875958721	25	0.04	5.40776036909507	0.280484563306219	0.789741017310093	0.0110365831699816	0.189401040764003	625	-0.0177600000000001	262.192390887904
140	140	35.41	127.81	641	18	20	1	1	0	0	NA	1	0	0	NA	1	0	0	NA	0.169560975609756	0.169	0.0460527136988081	41	16.0024390243902	16.1	2.87710686322893	41	0.04	4.20346130592519	0.186933721365769	0.51860750571767	0.00733428372927364	0.271599721181118	1025	-0.00056097560975607	216.842052697196
141	141	35.22	127.74	627	21	310	1	1	0	0	NA	1	0	0	NA	1	0	0	NA	0.267615384615385	0.275	0.0651415618244073	13	17.0307692307692	17.5	3.03298110099195	13	0.04	4.87613187993917	0.292140669941088	1.05716034963495	0.0175173118654597	0.243414861660619	325	0.00738461538461538	143.017836110135
142	142	35.37	127.85	454	15	270	1	1	0	0	NA	1	0	0	NA	1	0	0	NA	0.184025	0.175	0.0746693523440988	40	11.9975	11.9	2.64191922274077	40	0.04	2.72495069256258	0.207595788731565	0.337248806537396	0.0127334390527307	0.405756567553859	1000	-0.009025	241.256415252456
143	143	37.99	128.2	769	15	40	1	1	0	0	NA	1	0	0	NA	1	0	0	NA	0.281	0.276	0.0575615612482265	13	17.4615384615385	17.4	1.04605485957036	13	0.04	5.66076497500356	0.303804943057988	1.21155198943956	0.0157353232905156	0.204845413694756	325	-0.005	154.670884306974
144	144	35.37	127.85	471	31	260	1	1	0	0	NA	1	0	0	NA	1	0	0	NA	0.199961538461538	0.2055	0.0457440538380505	26	13.8730769230769	14.1	1.44929160414533	26	0.04	5.34844803999274	0.217023014431448	0.838589357843791	0.00834025269162826	0.228764262317621	650	0.00553846153846152	179.177719286714
145	145	37.99	128.2	769	15	40	1	1	0	0	NA	1	0	0	NA	1	0	0	NA	0.209	0.202	0.0393677302091216	23	15.8565217391304	15.7	1.02239739958968	23	0.04	6.2480163779146	0.225020847781486	1.03308520140086	0.00792759047635967	0.188362345498189	575	-0.00700000000000001	170.158715315731
146	146	36.42	127.23	203	25	171	0.975333056004415	3	0.132494102076782	0.0484141216425805	0.120601329006987	1	0	0	NA	1	0	0	NA	0.209473684210526	0.215	0.082677666217837	19	17.1315789473684	17.7	5.13279787592379	19	0.04	2.87185425186136	0.235247055907747	0.527293013471105	0.0197477625997756	0.39469237641681	475	0.00552631578947366	141.077571419515
147	147	37.9	127.62	470	18	165	1	1	0	0	NA	1	0	0	NA	1	0	0	NA	0.2438	0.26	0.0560590958027529	10	19.49	19.5	0.137032031940629	10	0.02	6.32167465898307	0.263622545352629	1.74785387060902	0.0136820385911868	0.229938867115475	500	0.0162	189.457001276919
148	148	37.99	128.2	710	35	68	1	1	0	0	NA	1	0	0	NA	1	0	0	NA	0.2205	0.2305	0.0415255153014702	20	15.295	15.35	0.163755273117186	20	0.04	6.72639042970888	0.236898116088974	1.2320133451616	0.00826891739077902	0.188324332432971	500	0.00999999999999995	161.247266648917
149	149	37.9	127.62	468	22	150	1	1	0	0	NA	1	0	0	NA	1	0	0	NA	0.194076923076923	0.211	0.0500257625936569	13	18.5153846153846	19.2	1.76297388610181	13	0.04	4.80420647473645	0.212691830266546	1.09621136203632	0.0129168671715569	0.25776255002677	325	0.0169230769230769	85.3951157874824
150	150	37.87	127.8	350	30	315	1	1	0	0	NA	1	0	0	NA	1	0	0	NA	0.10232	0.094	0.0364688451512612	25	12.428	12.1	2.44634421126709	25	0.02	3.15056474676404	0.114635484506206	0.492831775003132	0.00769024262962926	0.356419518679253	1250	-0.00831999999999999	117.556928428567
151	151	35.35	127.73	746	20	240	1	1	0	0	NA	1	0	0	NA	1	0	0	NA	0.179096153846154	0.162	0.0612827774211194	52	14.5903846153846	14.5	0.683204564256869	52	0.04	3.06664835106815	0.200183301768719	0.3073088160821	0.0096078200675528	0.342178076441341	1300	-0.0170961538461539	300.260610051356
152	152	35.21	127.72	520	25	200	1	1	0	0	NA	1	0	0	NA	1	0	0	NA	0.253552631578947	0.2495	0.064159302318282	38	17.8868421052632	17.95	0.734541979972142	38	0.04	4.40334626766797	0.277937882552974	0.542854288367407	0.0108116835995467	0.253041358390733	950	-0.00405263157894731	383.357978092072
153	153	35.21	128.17	520	27	210	1	1	0	0	NA	1	0	0	NA	1	0	0	NA	0.157020408163265	0.159	0.0321510042584976	49	10.8326530612245	10.9	0.463855111673732	49	0.04	5.08593391048498	0.170140975986763	0.523914467062278	0.00506597664354256	0.204756850619494	1225	0.00197959183673468	229.085286426494
154	154	37.49	127.86	224	30	130	1	1	0	0	NA	1	0	0	NA	1	0	0	NA	0.105866666666667	0.1	0.0438811164506144	15	12.22	11.9	3.63911292173558	15	0.02	2.72833051336384	0.119427080455863	0.551946178609558	0.0119462511280274	0.414494173022176	750	-0.00586666666666669	74.4991651784058
155	155	37.98	128.2	607	40	127	1	1	0	0	NA	1	0	0	NA	1	0	0	NA	0.0889268292682927	0.082	0.0756922685100342	41	6.04634146341463	6.1	1.68019307833588	41	0.04	1.48246685008903	0.0997171999608367	0.144420993540366	0.0111824045622552	0.851174714457324	1025	-0.00692682926829266	76.9614223966904
156	156	37.78	127.91	356	27	255	0.962958336120368	3	0.181102775563092	0.0719171727638107	0.164846850368523	1	0	0	NA	1	0	0	NA	0.12708	0.11	0.065332068570293	50	15.974	14.9	5.38754459236245	50	0.04	2.10221093289552	0.144203365301343	0.217826319491354	0.0102905363972368	0.514101893061796	1250	-0.01708	166.458314579323
157	157	33.34	126.68	10	5	342	1	1	0	0	NA	1	0	0	NA	1	0	0	NA	0.175712328767123	0.181	0.0432683742125992	73	13.4219178082192	13.7	1.20211001707443	73	0.04	4.69947856882517	0.192258522788553	0.433115585626574	0.00504123817152536	0.246245522532139	1825	0.00528767123287677	408.810478979213
158	158	35.38	128.35	73	23	300	1	1	0	0	NA	1	0	0	NA	1	0	0	NA	0.10236	0.103	0.0316371090124661	25	8.932	9	0.359072880253206	25	0.01	3.57871105768341	0.113777375033011	0.547569791156756	0.00673486196814994	0.309076875854495	2500	0.000639999999999988	235.261394919271
159	159	35.46	127.96	766	20	240	1	1	0	0	NA	1	0	0	NA	1	0	0	NA	0.193586956521739	0.1945	0.0494177548331935	46	13.7913043478261	13.85	0.302453733436315	46	0.04	4.46726582327932	0.212327293158455	0.513167760656422	0.00738832874761456	0.255274196780113	1150	0.000913043478260878	300.943891360006
160	160	37.89	128.71	327	20.7	110	0.930680755776604	3	0.278205332037776	0.130090724617795	0.253233406277528	2	0.251874473127917	0.129028173207387	0.363378053308166	2	0.251874473127917	0.129028173207387	0.363378053308166	0.155514285714286	0.173	0.0474691053885214	35	9.12571428571429	9.6	1.16248791445783	35	0.04	3.93049537437674	0.172469671361537	0.552356810034591	0.00778539477398721	0.30523951655305	875	0.0174857142857142	161.120548821706
161	161	37.88	128.67	583	9.6	90	0.960492675921746	2	0.166375224080104	0.0758929908448589	0.240028710707156	1	0	0	NA	1	0	0	NA	0.3	0.365	0.151980768014094	27	17.5481481481481	18.9	2.34789109470448	27	0.04	2.15806663816085	0.339734679766708	0.341687020131708	0.0318885289451711	0.50660256004698	675	0.065	356.808302044753
162	162	37.88	128.69	664	18.6	90	0.940738711475995	2	0.224930075367497	0.11149877641296	0.324505504279469	1	0	0	NA	1	0	0	NA	0.220131578947368	0.2235	0.0583804720463826	38	12.4289473684211	12.6	1.55752886307677	38	0.04	4.33106035211604	0.241770016844676	0.549816690695375	0.009531497722818	0.265207165303352	950	0.00336842105263152	305.548628766625
163	163	37.88	128.69	663	17.6	210	0.969775961751062	2	0.135520086891046	0.0586210915217287	0.195514157298553	1	0	0	NA	1	0	0	NA	0.242666666666667	0.2515	0.0457031903612363	30	15.31	15.5	0.835979706072771	30	0.04	6.14473920985666	0.261046111325412	0.85787828582619	0.0081781445469549	0.188337322917183	750	0.00883333333333336	282.068167761183
164	164	37.89	128.78	649	25.4	120	0.931989601631615	2	0.248461792000034	0.126769968164317	0.358454595168834	1	0	0	NA	1	0	0	NA	0.258566666666667	0.269	0.0590637781136414	30	20.1133333333333	20.6	2.14455739880788	30	0.04	5.49086690369443	0.27992634591479	0.816162140244939	0.00971470973289686	0.228427658039093	750	0.0104333333333334	312.314213085013
165	165	37.6	127.62	446	35	110	0.918377278620688	3	0.3219679207823	0.151941344469763	0.293067831211531	2	0.0787664677968109	0.029960417744475	0.113635992478799	2	0.0787664677968109	0.029960417744475	0.113635992478799	0.189813953488372	0.18	0.0564135477708416	43	16.9023255813953	16.8	1.54264589833939	43	0.04	3.7546855604809	0.210328507291968	0.443529279486316	0.00902276984535675	0.297204429569491	1075	-0.00981395348837211	272.569140574969
166	166	37.61	127.62	412	20	150	0.84680040546238	3	0.519271887859584	0.268952454972673	0.472661641614366	2	0.177741363658197	0.0825245135919466	0.256426583910523	2	0.177741363658197	0.0825245135919466	0.256426583910523	0.156621621621622	0.155	0.051552751489966	37	15.0567567567568	15.2	2.39519664473858	37	0.04	3.18161015042904	0.174368958702632	0.372251612449649	0.00953585985965133	0.329154754983389	925	-0.00162162162162163	172.278190440964
167	167	38.15	127.15	330	25	30	1	1	0	0	NA	1	0	0	NA	1	0	0	NA	0.1366	0.134	0.0526760188602267	55	9.43636363636364	9.5	1.87304106422759	55	0.04	2.82729954845731	0.153605445561917	0.291814262759006	0.00774036317950011	0.385622392827428	1375	-0.00260000000000002	205.613977672204
168	168	34.96	127.46	328	27	180	1	1	0	0	NA	1	0	0	NA	1	0	0	NA	0.10997	0.103	0.0471467631203593	100	10.037	9.9	1.28445680851062	100	0.04	2.44535118864394	0.124177606458116	0.172006374826969	0.00539304658607589	0.428723862147488	2500	-0.00697000000000005	263.959139562097
169	169	34.98	127.43	177	30	135	1	1	0	0	NA	1	0	0	NA	1	0	0	NA	0.128272727272727	0.131	0.0410628353648766	44	8.64090909090909	8.3	1.16545593070998	44	0.04	3.50931117446595	0.142823104589301	0.413668593196009	0.00647557230768915	0.320121324602156	1100	0.00272727272727272	148.696191991175
170	170	35.2	127.42	96	26	190	1	1	0	0	NA	1	0	0	NA	1	0	0	NA	0.17325	0.1725	0.0377104570567445	36	10.6638888888889	10.7	1.53774468952383	36	0.04	5.30278448319475	0.188237537701882	0.693925569401883	0.00624425857503712	0.217664975796505	900	-0.000750000000000028	197.09001793999
171	171	34.98	127.01	145	5	355	1	1	0	0	NA	1	0	0	NA	1	0	0	NA	0.0473809523809524	0.045	0.0194309601404966	63	5.44603174603175	5.5	0.654962544318227	63	0.04	2.69481394312392	0.0534359413560914	0.270216636659151	0.00263039456358343	0.410100666281837	1575	-0.00238095238095239	43.050301643001
172	172	35.22	127.43	155	31	150	1	1	0	0	NA	1	0	0	NA	1	0	0	NA	0.127447058823529	0.115	0.0545685470810082	85	12.0117647058824	11.8	1.76590808723133	85	0.04	2.48976461756123	0.144084408794257	0.197315540220155	0.00666557964870157	0.428166389909139	2125	-0.0124470588235294	284.292141857398
173	173	35.09	127.61	230	16	40	1	1	0	0	NA	1	0	0	NA	1	0	0	NA	0.268074074074074	0.272	0.0515027452038507	27	19.5481481481482	19.6	0.0579812328415278	27	0.04	6.43609203438187	0.28865501410907	1.01363910644679	0.00907751062616449	0.192121320876481	675	0.00392592592592594	297.854601901888
174	174	35.88	127.46	305	10	90	1	1	0	0	NA	1	0	0	NA	1	0	0	NA	0.0507307692307692	0.047	0.0199390224280082	26	3.64615384615385	3.55	1.02731913998748	26	0.04	2.85449200445271	0.0571059297783331	0.443168644007365	0.00413612799349592	0.393036075154067	650	-0.00373076923076922	19.825565967374
175	175	35.41	127.81	404	21	32	0.866428036392016	3	0.448167821402799	0.235858778575465	0.407939931152718	2	0.0950311928798267	0.0377224195854782	0.137101030697489	2	0.0950311928798267	0.0377224195854782	0.137101030697489	0.24784375	0.2375	0.0485034813349816	32	16.146875	16	0.956803945603581	32	0.04	4.99934589429139	0.268077802675566	0.614167816216457	0.010084802423442	0.195701853829203	800	-0.01034375	311.241281972636
176	176	35.41	127.81	393	20	32	0.815981796617696	4	0.649418775496318	0.318980818023792	0.46845662343436	2	0.259697519452583	0.134245597070275	0.374664323445407	2	0.259697519452583	0.134245597070275	0.374664323445407	0.242068965517241	0.234	0.0374422708355169	29	18.3793103448276	17.9	2.255687939148	29	0.04	6.29076903316415	0.258387688769437	0.811310763388895	0.00810992939247035	0.15467604761111	725	-0.00806896551724132	271.588795525428
177	177	36.85	126.27	60	16	153	1	1	0	0	NA	1	0	0	NA	1	0	0	NA	0.175620689655172	0.187	0.0376918083115297	29	14.7896551724138	15.4	1.80165495895663	29	0.04	6.58403627295673	0.189370169810847	1.06542646497946	0.0055388851577713	0.214620546050336	725	0.0113793103448276	162.268243213931
178	178	36.84	126.28	60	7	265	1	1	0	0	NA	1	0	0	NA	1	0	0	NA	0.1893125	0.1785	0.092221485670937	32	14.325	14.1	4.74600001359379	32	0.04	2.24718605453895	0.214788359049997	0.3049070797652	0.0178919586182739	0.4871389140756	800	-0.0108125	201.982764796997
179	179	35.99	127.66	296	20	130	0.984633862576556	2	0.0794101442484369	0.030260038488255	0.114564621303497	2	0.0794101442484369	0.030260038488255	0.114564621303497	2	0.0794101442484369	0.030260038488255	0.114564621303497	0.203866666666667	0.207	0.0314497226930742	30	17.49	17.7	1.50776152875254	30	0.04	7.76912620144343	0.216560853045918	1.08154284123711	0.00535479282168252	0.154266134858114	750	0.00313333333333332	213.262017723868
180	180	36.48	127.63	191	22	265	1	1	0	0	NA	1	0	0	NA	1	0	0	NA	0.185	0.18	0.0346628785809135	34	14.9088235294118	14.8	1.21863501560056	34	0.04	5.97400496100035	0.19914128467298	0.775098679225136	0.00604134800646672	0.187366911248181	850	-0.00500000000000003	206.814561694166
181	181	36.42	127.46	151	15	84	1	1	0	0	NA	1	0	0	NA	1	0	0	NA	0.190945945945946	0.18	0.037561760952941	37	17	16.8	0.816496580927725	37	0.04	5.55237360192251	0.206449647912469	0.692651284017962	0.00647686942618684	0.196714105486032	925	-0.0109459459459459	236.785201451321
182	182	36.44	127.23	67	19	147	1	1	0	0	NA	1	0	0	NA	1	0	0	NA	0.148552631578947	0.147	0.0184591548639972	38	9.71052631578947	9.7	0.275866667445854	38	0.04	8.65871645199558	0.156782085623358	1.05856586501697	0.00311355582432903	0.124260032742585	950	-0.00155263157894736	162.533590951104
183	183	37.51	127.69	347	30	220	1	1	0	0	NA	1	0	0	NA	1	0	0	NA	0.225034482758621	0.225	0.0328649648003775	29	17.8413793103448	17.9	0.6091664336143	29	0.04	7.63544285515693	0.2390701272726	1.07053057740331	0.00615017887578997	0.146044127982064	725	-3.44827586206686e-05	241.573521680048
184	184	35.99	127.66	337	10	98	1	1	0	0	NA	1	0	0	NA	1	0	0	NA	0.220516129032258	0.222	0.0748246265021269	31	17.6645161290323	18	4.25774184179805	31	0.04	3.47990591195276	0.245568561482116	0.519249634874692	0.0132596417214377	0.339315889638083	775	0.001483870967742	249.962606569931
185	185	35.35	126.67	400	5	285	0.926701010092051	3	0.312881155558424	0.138537706067908	0.284796701061611	2	0.262090005910483	0.135852495972847	0.378115951793613	2	0.262090005910483	0.135852495972847	0.378115951793613	0.235	0.225	0.0579442703081026	27	11.5925925925926	11.5	0.656872500171442	27	0.04	4.32739238172418	0.257525231790743	0.614833837610587	0.0121493731779031	0.246571363013203	675	-0.01	241.112238953815
186	186	35.35	126.66	263	10	239	0.878931126547312	4	0.491304867067522	0.221690302946837	0.354401547641463	2	0.217984985247119	0.107093709149535	0.314485857204273	2	0.217984985247119	0.107093709149535	0.314485857204273	0.229744680851064	0.216	0.0499667141749326	47	13.3148936170213	13.1	1.05479829586437	47	0.04	5.01944724599901	0.249938359908227	0.556728445109621	0.0076953099609858	0.217488013171127	1175	-0.0137446808510638	404.751439850904
187	187	35.35	126.66	249	5	339	1	1	0	0	NA	1	0	0	NA	1	0	0	NA	0.06768	0.065	0.00920923449587424	25	3.924	3.8	0.309946231896222	25	0.04	8.56130986419024	0.0716432203560697	1.35205497712368	0.00176557439443054	0.136070249643532	625	-0.00268	30.2775300104263
188	188	36.45	126.67	490	5	187	1	1	0	0	NA	1	0	0	NA	1	0	0	NA	0.195384615384615	0.1925	0.043687461227183	52	12.2057692307692	12.2	1.13800883237526	52	0.04	5.00003203071525	0.212579755652694	0.529999640779338	0.0062265108478746	0.22359724250133	1300	-0.00288461538461543	345.282009976152
189	189	36.45	126.68	195	15	223	1	1	0	0	NA	1	0	0	NA	1	0	0	NA	0.191333333333333	0.18	0.0520620931048833	27	11.5888888888889	11.3	1.50877773592079	27	0.04	3.94405661552275	0.211144769508924	0.568366267869885	0.0109444428312999	0.272101531907056	675	-0.0113333333333334	173.352181159615
190	190	37.48	127.73	470	34	240	1	1	0	0	NA	1	0	0	NA	1	0	0	NA	0.261375	0.2625	0.0402414587210752	24	20.5916666666667	20.65	0.59630504789489	24	0.04	7.51805800015737	0.278085245957271	1.1733626907195	0.0079713312078139	0.153960626383836	600	0.00112500000000004	254.221108487674
191	191	36.43	127.2	74	35	230	1	1	0	0	NA	1	0	0	NA	1	0	0	NA	0.17758064516129	0.165	0.05900156732017	31	14.558064516129	14.5	0.578949735036579	31	0.04	3.36478981730842	0.19836754921871	0.47219139092197	0.0112125232391198	0.332252241040013	775	-0.0125806451612903	176.576641370854
192	192	36.62	127.05	305	25	116	1	1	0	0	NA	1	0	0	NA	1	0	0	NA	0.1345625	0.133	0.0554151123559211	32	10.384375	10.5	2.60348517964769	32	0.04	2.67712538818986	0.151861108613536	0.365385507426056	0.0106053363564639	0.411816905571174	800	-0.00156249999999997	116.778971720374
193	193	36.19	127.78	208	20	245	1	1	0	0	NA	1	0	0	NA	1	0	0	NA	0.139475409836066	0.142	0.0381189395433893	61	10.9819672131148	11.1	0.723304499437895	61	0.04	3.97324524579722	0.153715633140409	0.379305573242681	0.00523489243895376	0.273302222866331	1525	0.00252459016393439	235.798006964561
194	194	36.37	127.46	257	36	180	1	1	0	0	NA	1	0	0	NA	1	0	0	NA	0.138809523809524	0.142	0.0314207241285414	21	11.3619047619048	11.6	1.70337200589777	21	0.04	5.49380633108253	0.150543090152929	0.965427125396922	0.00626498862755194	0.226358561474912	525	0.00319047619047616	80.5552383186084
195	195	36.61	127.04	431	34	16	1	1	0	0	NA	1	0	0	NA	1	0	0	NA	0.170852941176471	0.18	0.0545061199527123	34	15.1235294117647	15.7	2.24877863463561	34	0.04	3.55886005981805	0.190150515613184	0.482033023045357	0.00966847187200874	0.319023597588607	850	0.0091470588235294	182.024370262801
196	196	36.62	127.05	306	27	186	1	1	0	0	NA	1	0	0	NA	1	0	0	NA	0.138435897435897	0.123	0.066798910671781	39	10.5487179487179	10.4	1.22278194356618	39	0.04	2.23860933864481	0.15697399571279	0.261386354925448	0.0119156045991746	0.482525933728368	975	-0.0154358974358975	148.956814484754
197	197	36.2	127.78	210	25	250	1	1	0	0	NA	1	0	0	NA	1	0	0	NA	0.125634920634921	0.126	0.0319658596042017	63	12.1333333333333	12.3	1.42805981622258	63	0.04	4.61956998051934	0.137835522784146	0.470463823112595	0.00395750277140915	0.254434511063134	1575	0.000365079365079402	205.922719793123
198	198	36.43	127.23	233	20	217	1	1	0	0	NA	1	0	0	NA	1	0	0	NA	0.234666666666667	0.2425	0.0459967060744242	12	14.1333333333333	14.3	0.56138357221379	12	0.04	6.40664684970164	0.252495035533051	1.48780154819858	0.0119639167456027	0.196008690658058	300	0.00783333333333333	106.917137523569
199	199	36.78	127.78	202	28	290	1	1	0	0	NA	1	0	0	NA	1	0	0	NA	0.120161290322581	0.102	0.0627221899990711	31	11.6032258064516	11.6	0.149407431693211	31	0.04	2.07050911030469	0.136285538017112	0.251250922177561	0.0125918935201138	0.521983326166766	775	-0.0181612903225807	94.3355580166751
200	200	35.57	127.54	366	32	251	1	1	0	0	NA	1	0	0	NA	1	0	0	NA	0.195422222222222	0.196	0.0404814710077277	45	14.3844444444444	14.5	1.07871041601357	45	0.04	5.39452193118383	0.211305869703897	0.599423936701032	0.0061565835661564	0.207148759989509	1125	0.000577777777777816	298.894051770818
201	201	36.14	127.79	240	30	193	1	1	0	0	NA	1	0	0	NA	1	0	0	NA	0.135146666666667	0.123	0.069940456013579	75	7.68	7.6	1.6779975195678	75	0.04	2.09941040528745	0.153597737706637	0.183256027523387	0.00896518440006112	0.517515213202292	1875	-0.0121466666666667	275.610275015064
202	202	35.95	127.82	545	32	92	1	1	0	0	NA	1	0	0	NA	1	0	0	NA	0.201	0.201	0.0523253397167241	35	14.2114285714286	14.3	1.86701577367725	35	0.04	4.42564123502947	0.220338116448711	0.585271108277713	0.00885116502066655	0.260325073217533	875	-2.77555756156289e-17	243.21440260946
203	203	35.99	127.66	360	36	305	1	1	0	0	NA	1	0	0	NA	1	0	0	NA	0.168705882352941	0.169	0.0515343541855244	34	13.2058823529412	13.35	1.6292666460471	34	0.04	3.72119982034586	0.18740915992504	0.50537293466431	0.00912663398730397	0.305468626622704	850	0.000294117647058861	178.366997570472
204	204	36.42	127.2	110	30	154	1	1	0	0	NA	1	0	0	NA	1	0	0	NA	0.149020408163265	0.142	0.035699258743424	49	9.73469387755102	9.7	0.428928422742926	49	0.04	4.8032483021295	0.162764968435146	0.538980041868596	0.00510158776299397	0.239559528680878	1225	-0.00702040816326532	210.643023228356
205	205	36.46	126.68	337	5	220	0.956240264115222	3	0.208329691097693	0.0845729840738256	0.189629856908172	2	0.179714013355358	0.0836896428001443	0.259272515846028	2	0.179714013355358	0.0836896428001443	0.259272515846028	0.175727272727273	0.179	0.0399595676334785	33	10.1606060606061	10.2	0.371600755128567	33	0.04	4.77890750604921	0.19156558226053	0.622371309339339	0.00739030514393627	0.227395366770959	825	0.00327272727272732	184.829963908277
206	1001	34.37	126.68	288	23	NA	0.802010081028242	4	0.689051627960495	0.340018442683834	0.497045683287537	2	0.163574663081975	0.074280705361836	0.235988355243448	3	0.341710746922936	0.154695958123276	0.311038526009212	0.109121951219512	0.102	0.0397716989236629	615	11.8068292682926	12.2	1.4630137768299	615	0.12	2.83855462872711	0.122393323714343	0.0813567814352536	0.00184577857996256	0.364470195768927	5125	-0.00712195121951223	534.434383609142
207	1002	35.47	126.83	404	30	295	1	1	0	0	NA	1	0	0	NA	1	0	0	NA	0.151157894736842	0.135	0.0762289625853724	76	17.2315789473684	19.05	5.26019544697256	76	0.12	2.15020873168019	0.171539680620504	0.192983631357854	0.00967808042073063	0.504300239945012	633.333333333333	-0.0161578947368421	111.42185895275
208	1003	35.47	126.83	408	36	215	1	1	0	0	NA	1	0	0	NA	1	0	0	NA	0.176066666666667	0.166	0.0857544517136024	60	17.6133333333333	17.25	5.30099020704069	60	0.12	2.22341986332769	0.19953858192862	0.223524416684254	0.0122403919216745	0.487056711739506	500	-0.0100666666666668	112.365601673955
209	1004	35.47	126.83	410	43	248	1	1	0	0	NA	1	0	0	NA	1	0	0	NA	0.18496875	0.1755	0.0849993405670032	64	17.3734375	19.25	5.3134522956002	64	0.12	2.36435797302075	0.209323566999854	0.232251142954191	0.0116788873435718	0.459533518861987	533.333333333333	-0.00946875	129.730819800705
210	1005	37.31	127.32	170	NA	55	1	1	0	0	NA	1	0	0	NA	1	0	0	NA	0.153156097560976	0.15	0.0280116401643374	205	16.1704545454546	16.3	1.10907007579892	132	0.5	5.80405622910708	0.16481744197666	0.297309346630421	0.00209920322507854	0.182896016615892	410	-0.00315609756097557	73.6675046851942
211	1006	35.18	128.18	144	25	135	1	1	0	0	NA	1	0	0	NA	1	0	0	NA	0.251875	0.234	0.0568857041209242	16	NA	NA	NA	0	0.02	4.79279542293846	0.274294987744593	0.884480452309731	0.015174121593437	0.225848949363471	800	-0.017875	319.406373586502
212	1007	35.2	128.17	85	20	180	1	1	0	0	NA	1	0	0	NA	1	0	0	NA	0.154225	0.1435	0.0439845471116321	40	NA	NA	NA	0	0.02	3.62331623364293	0.170570108626109	0.410047215945122	0.00790564916386436	0.285197257977838	2000	-0.010725	363.387496497153
213	1008	35.17	128.07	131	10	135	1	1	0	0	NA	1	0	0	NA	1	0	0	NA	0.361615384615385	0.36	0.066154539352361	13	NA	NA	NA	0	0.02	5.79637516793461	0.388847059272209	1.16578446087781	0.0197539192961645	0.182941716992277	650	-0.00161538461538457	463.715052346155
214	1009	34.15	126.53	142	5	160	0.58112632656508	18	1.31088530440385	0.604712301799067	0.453535190005461	3	0.520430241621935	0.307073183932241	0.473716020647168	6	0.623109045737829	0.338485016552007	0.34776377992649	0.117609708737864	0.103	0.076791350936865	515	NA	NA	NA	0	0.06	1.71929037867099	0.13255270083255	0.0470379080138212	0.00360171531766474	0.652933773588561	8583.33333333333	-0.0146097087378639	1009.41287016324
215	1010	34.35	126.7	327	5	170	0.923454915261315	12	0.417172022602242	0.14619836300463	0.167882372014994	3	0.211684237435592	0.0867440782008834	0.192683296572465	5	0.282338161894283	0.109331712914052	0.175426563344265	0.138254658385093	0.14	0.0480831029709601	322	NA	NA	NA	0	0.06	3.1498588031788	0.154356491137637	0.136008676824195	0.00287160683976943	0.347786494376413	5366.66666666667	0.00174534161490689	818.176915317561
216	1011	34.15	126.8	108	5	160	0.710096582731585	19	0.968026220115588	0.452157728114551	0.32876423215591	3	0.216838938613905	0.0880435435498773	0.197375307786506	5	0.332152789092955	0.12830862914273	0.206378131474864	0.103125693160813	0.096	0.0418678134323011	541	NA	NA	NA	0	0.06	2.55992965292043	0.116146991090803	0.0773807276201104	0.00206769785879647	0.405988189257674	9016.66666666667	-0.00712569316081318	858.719692335862
217	1012	33.32	126.55	582	0	135	0.525560288612431	22	1.67007175866241	0.67131368569392	0.54029402179447	3	0.517558337436746	0.295759578381937	0.471101900802695	6	0.700721298420836	0.353272003870185	0.391080002899456	0.141118959107807	0.122	0.0786924438640748	269	NA	NA	NA	0	0.06	1.93516856431009	0.160099674525297	0.0840043282593957	0.00535510850228599	0.557631974906776	4483.33333333333	-0.0191189591078068	706.377900640713
218	1013	34.4	126.23	250	25	0	0.51707691675144	3	0.936686667367198	0.575078948594127	0.852608947695988	1	0	0	NA	2	0.321506859253099	0.177401330069465	0.463836351456232	0.129264705882353	0.1005	0.0750459692752138	34	NA	NA	NA	0	0.02	1.89720096813171	0.146875186799121	0.241121810471829	0.0141077923677193	0.580560399398696	1700	-0.0287647058823529	232.662197179351
219	1014	34.4	126.23	250	25	0	0.319637078456336	5	1.4368654856735	0.750574602717472	0.89277472251191	2	0.571354559325532	0.383238580181076	0.824290389328244	4	1.36984440190572	0.741626142486987	0.988133862709444	0.107653846153846	0.081	0.0465613172002989	52	NA	NA	NA	0	0.02	2.49635287364981	0.121879392254856	0.256614301152453	0.00719585097375734	0.432509555987056	2600	-0.0266538461538462	265.297001016876
220	1015	34.97	128.17	264	17.5	135	1	1	0	0	NA	1	0	0	NA	1	0	0	NA	0.146111111111111	0.1345	0.041201094144818	36	NA	NA	NA	0	0.03	3.82056281720596	0.16153837592604	0.476852061238738	0.0074734396866462	0.281984674755409	1200	-0.0116111111111111	199.916857188117
221	1016	34.97	128.17	256	27.5	135	0.94153261264093	2	0.222729492955001	0.11009790394895	0.321330734945894	2	0.222729492955001	0.11009790394895	0.321330734945894	2	0.222729492955001	0.11009790394895	0.321330734945894	0.129241379310345	0.12	0.0419227821264527	58	NA	NA	NA	0	0.03	3.25962099646794	0.144119532588812	0.314045389383565	0.00616179553380942	0.324375848897313	1933.33333333333	-0.00924137931034483	264.519592989688
222	1017	33.33	126.67	363	8	180	0.717694951075851	6	0.993748542321585	0.462236409722545	0.554621621589488	3	0.676274648374282	0.381313109010907	0.615571712923543	4	0.849547696170616	0.447059666709469	0.612819124131996	0.1674	0.151	0.0739569306164534	30	10.07	10	1.96559195260307	30	0.02	2.45736918792621	0.189384089103815	0.333787175005431	0.0149216165461608	0.441797673933413	1500	-0.0163999999999999	310.863925103699
223	1018	33.33	126.65	360	8	180	0.750053205473278	6	0.960488394982357	0.424556313146995	0.536058779918805	3	0.631315338866435	0.335164699636673	0.574647985807443	3	0.631315338866435	0.335164699636673	0.574647985807443	0.179615384615385	0.1855	0.0692081364714161	26	9.28076923076923	9.75	1.60000480768508	26	0.02	2.99366804133293	0.201721530085294	0.485353916892048	0.0138696351205794	0.385312965365486	1300	0.00588461538461538	301.658999456115
224	1019	33.97	128.17	383	11	180	0.943067315266277	5	0.285801330520149	0.109429691185079	0.177578350995787	3	0.244633025976592	0.10830858370357	0.222674576372316	3	0.244633025976592	0.10830858370357	0.222674576372316	0.194774193548387	0.194	0.0895822563076042	31	11.8322580645161	11.8	2.9894689714367	31	0.02	2.41480696910013	0.220743146515176	0.347146694505389	0.0173396584529167	0.459928775345434	1550	-0.000774193548387037	409.62002819687
225	1020	34.39	126.18	97	20	45	0.955975225816124	3	0.20322635912737	0.0848189327365826	0.184984603962285	3	0.20322635912737	0.0848189327365826	0.184984603962285	3	0.20322635912737	0.0848189327365826	0.184984603962285	0.0841851851851852	0.0815	0.0287399387183668	108	NA	NA	NA	0	0.03	3.26440002865066	0.0940660169856959	0.247520540050252	0.00292198734864196	0.34138950523357	3600	-0.00268518518518521	247.546800631308
226	1021	34.39	126.18	97	20	45	0.955894981838485	3	0.193708678989271	0.0846253476578638	0.1763212381541	2	0.180777544797102	0.0843195310689744	0.260806867382862	3	0.193708678989271	0.0846253476578637	0.1763212381541	0.104	0.103	0.046131538147792	102	NA	NA	NA	0	0.03	2.38116878240916	0.117302140770964	0.172912525055699	0.00514649416331078	0.443572482190307	3400	-0.00100000000000003	328.222984937087
227	1022	34.77	128	389	30	135	1	1	0	0	NA	1	0	0	NA	1	0	0	NA	0.256375	0.252	0.0473707079782324	40	NA	NA	NA	0	0.06	5.58781359463637	0.276342798252601	0.642559171486221	0.0083035686275506	0.18477116715059	666.666666666667	-0.00437500000000007	273.84559591299
228	1023	34.77	128	298	15	45	1	1	0	0	NA	1	0	0	NA	1	0	0	NA	0.323625	0.313	0.0859463980241949	16	NA	NA	NA	0	0.06	4.25895608761903	0.355809055020808	0.815978961187408	0.0220941517542672	0.265574037927215	266.666666666667	-0.010625	159.198073611528
229	1024	NA	NA	NA	NA	NA	0.686913375346446	7	1.03640084477647	0.493058918875039	0.532604676161237	3	0.584071275247633	0.331457186722481	0.531644585876356	3	0.584071275247633	0.331457186722481	0.531644585876356	0.120620689655172	0.107	0.04988788397935	58	NA	NA	NA	0	0.06	2.57930816396486	0.136180758814657	0.247440052443672	0.00736264879546597	0.413593091881404	966.666666666667	-0.0136206896551724	118.388715328698
230	1025	NA	NA	NA	NA	NA	0.449698324561737	8	1.29137395618693	0.645816534385865	0.621019600841348	2	0.340973831057811	0.191677967275568	0.491921255140016	2	0.340973831057811	0.191677967275568	0.491921255140016	0.118814285714286	0.1145	0.0359090206490675	70	NA	NA	NA	0	0.06	3.52273862110906	0.132006605454947	0.313786476503397	0.00475313791453725	0.302228140607758	1166.66666666667	-0.00431428571428571	139.464140737458
